0 0.157459 0.181045 0.180847 0.058323
0 0.319153 0.156744 0.170534 0.055407
0 0.462615 0.176549 0.147330 0.058080
0 0.656169 0.167801 0.158011 0.060024
0 0.826519 0.183111 0.193738 0.084326
0 0.147145 0.373147 0.168324 0.059052
0 0.322652 0.369988 0.173112 0.051762
0 0.493186 0.365006 0.162799 0.048117
0 0.657643 0.360632 0.167587 0.062211
0 0.830387 0.375942 0.176427 0.080194
0 0.139411 0.575577 0.190424 0.078007
0 0.317311 0.583232 0.168324 0.081166
0 0.485635 0.593317 0.177901 0.060996
0 0.683610 0.577521 0.195948 0.058566
0 0.869797 0.581531 0.187477 0.065128
0 0.160221 0.816403 0.177532 0.058080
0 0.334070 0.830255 0.176059 0.058080
0 0.506262 0.837546 0.187477 0.060024
0 0.687109 0.842284 0.168324 0.059295
0 0.846593 0.786270 0.150645 0.059052
