0 0.230807 0.059939 0.114873 0.104325
0 0.363385 0.058801 0.125071 0.117223
0 0.500779 0.059465 0.122805 0.115895
0 0.635694 0.059939 0.139377 0.119120
0 0.775000 0.057379 0.115722 0.111722
0 0.907153 0.064112 0.136119 0.127466
0 0.095113 0.167489 0.125071 0.114947
0 0.091572 0.276461 0.125921 0.111722
0 0.093484 0.382967 0.120397 0.109636
0 0.091147 0.495163 0.112606 0.106411
0 0.092705 0.602143 0.118839 0.109446
0 0.090368 0.712253 0.118697 0.108498
0 0.089943 0.821320 0.119547 0.109636
0 0.092705 0.929344 0.114023 0.106411
0 0.228895 0.165876 0.117280 0.107549
0 0.227691 0.273805 0.103824 0.102238
0 0.228116 0.385053 0.118839 0.107360
0 0.226487 0.490990 0.120397 0.114757
0 0.226629 0.603187 0.115581 0.111533
0 0.224929 0.708080 0.114164 0.104325
0 0.226133 0.820277 0.119688 0.109446
0 0.222946 0.932473 0.121246 0.119120
0 0.366572 0.166351 0.117280 0.112671
0 0.364164 0.272857 0.117280 0.117033
0 0.364589 0.389795 0.121246 0.119120
0 0.363456 0.494120 0.117280 0.114947
0 0.363385 0.605273 0.118839 0.113809
0 0.360694 0.708555 0.117989 0.111722
0 0.359065 0.820846 0.119547 0.117033
0 0.360269 0.934086 0.118839 0.115895
0 0.500354 0.168437 0.107790 0.108498
0 0.496813 0.272288 0.114873 0.105273
0 0.498371 0.386665 0.119688 0.110584
0 0.499929 0.495637 0.125921 0.109636
0 0.496034 0.604704 0.138527 0.119120
0 0.499504 0.710167 0.128187 0.112671
0 0.496388 0.822838 0.142351 0.123293
0 0.497238 0.930956 0.133003 0.124431
0 0.634136 0.169480 0.137677 0.125379
0 0.633711 0.278547 0.121246 0.115895
0 0.630595 0.385053 0.121246 0.113809
0 0.633711 0.498388 0.124363 0.117033
0 0.635269 0.605273 0.119547 0.109636
0 0.632932 0.714340 0.121105 0.114947
0 0.636119 0.821794 0.113314 0.110584
0 0.636473 0.937215 0.118839 0.117982
0 0.772592 0.169101 0.115722 0.111722
0 0.774575 0.278642 0.121105 0.107360
0 0.776133 0.388657 0.119688 0.104325
0 0.774150 0.496775 0.125071 0.117982
0 0.769051 0.603187 0.121105 0.113809
0 0.768626 0.714340 0.118839 0.112671
0 0.772238 0.820846 0.119547 0.121206
0 0.770255 0.933042 0.131445 0.117982
0 0.909915 0.176404 0.127479 0.120258
0 0.906799 0.284901 0.130595 0.124431
0 0.909915 0.392925 0.130595 0.121206
0 0.906799 0.498862 0.132295 0.126328
0 0.904037 0.602143 0.129887 0.120068
0 0.902833 0.715952 0.138527 0.124241
0 0.903258 0.822838 0.128329 0.119120
0 0.903612 0.937785 0.132153 0.116844
