0 0.078469 0.146982 0.133441 0.157209
0 0.077170 0.299378 0.130843 0.158412
0 0.082674 0.442952 0.136656 0.139162
0 0.084962 0.585422 0.145189 0.154201
0 0.079458 0.883597 0.127504 0.152998
0 0.205046 0.189693 0.127628 0.137157
0 0.203129 0.323240 0.125031 0.131943
0 0.210920 0.452877 0.131462 0.144576
0 0.217475 0.720473 0.131462 0.192099
0 0.336260 0.109986 0.139995 0.159414
0 0.334591 0.257169 0.127504 0.149789
0 0.351534 0.604472 0.135419 0.156206
0 0.352832 0.746441 0.144447 0.144576
0 0.357037 0.886505 0.145189 0.155204
0 0.495053 0.608582 0.141232 0.166834
0 0.496970 0.754261 0.142592 0.149789
0 0.497032 0.897734 0.146426 0.137157
0 0.573522 0.153198 0.130225 0.180469
0 0.571172 0.324243 0.124289 0.180469
