0 0.181620 0.169818 0.209953 0.064096
0 0.402107 0.200884 0.199056 0.057466
0 0.610425 0.179641 0.221213 0.070481
0 0.843444 0.170923 0.209953 0.072692
0 0.187250 0.336444 0.224119 0.061886
0 0.394842 0.341847 0.191064 0.057466
0 0.615874 0.333865 0.213222 0.069499
0 0.829277 0.335953 0.216491 0.060904
0 0.190338 0.496685 0.220850 0.064096
0 0.419361 0.504666 0.221213 0.067289
0 0.638031 0.511051 0.197239 0.041749
0 0.853614 0.522348 0.233927 0.049116
0 0.184889 0.674361 0.200509 0.067289
0 0.415365 0.680869 0.222666 0.071464
0 0.652198 0.679150 0.197966 0.069990
0 0.854704 0.680747 0.211406 0.057957
0 0.174537 0.853635 0.197966 0.069253
0 0.399564 0.835462 0.183799 0.066798
0 0.618598 0.849583 0.212132 0.065570
