0 0.048077 0.231524 0.011801 0.031755
0 0.068837 0.247835 0.010052 0.029734
0 0.086320 0.232823 0.008741 0.029157
0 0.103802 0.234411 0.006993 0.021363
0 0.121831 0.232390 0.010708 0.030600
0 0.139205 0.232535 0.007867 0.023961
0 0.156250 0.226617 0.011364 0.025982
0 0.174170 0.227916 0.010927 0.021074
0 0.057802 0.618649 0.008086 0.019630
0 0.072552 0.612298 0.009615 0.017898
0 0.087194 0.614896 0.007867 0.019630
0 0.104677 0.611143 0.005682 0.019053
0 0.122705 0.613886 0.006774 0.017032
0 0.134178 0.609988 0.007867 0.016744
0 0.152644 0.606669 0.006337 0.015300
0 0.172640 0.607102 0.007430 0.015589
0 0.192635 0.604359 0.008523 0.023383
0 0.235577 0.867350 0.006119 0.015300
0 0.265406 0.880052 0.006337 0.016455
0 0.288024 0.857679 0.005245 0.012125
0 0.314358 0.860999 0.005900 0.015878
0 0.339052 0.852338 0.004589 0.015878
0 0.359921 0.849163 0.005245 0.015300
0 0.380682 0.842812 0.004371 0.012413
0 0.390188 0.785508 0.005463 0.013857
0 0.368335 0.781755 0.005900 0.013279
0 0.341128 0.797633 0.006556 0.012125
0 0.313702 0.784498 0.006337 0.014145
0 0.289008 0.786085 0.007649 0.012702
0 0.267810 0.781178 0.008960 0.016744
0 0.244646 0.782621 0.005463 0.014434
0 0.221591 0.781611 0.007430 0.014145
0 0.220498 0.705831 0.008741 0.016166
0 0.248470 0.710306 0.006556 0.016455
0 0.271635 0.703955 0.009615 0.012991
0 0.294908 0.706120 0.008086 0.015589
0 0.320039 0.715502 0.008960 0.015300
0 0.340253 0.715791 0.008741 0.015878
0 0.364401 0.716224 0.007649 0.016744
0 0.387238 0.717667 0.007867 0.010970
0 0.223776 0.639579 0.004808 0.013568
0 0.241696 0.632650 0.005682 0.014145
0 0.251748 0.642754 0.009615 0.010104
0 0.283763 0.639579 0.006774 0.017032
0 0.307802 0.638712 0.006774 0.017032
0 0.333698 0.645352 0.008304 0.012991
0 0.361779 0.642177 0.005463 0.014723
0 0.385599 0.646074 0.006774 0.013279
0 0.381993 0.586028 0.009178 0.016166
0 0.363309 0.579388 0.005900 0.013857
0 0.347465 0.581842 0.006993 0.014723
0 0.339379 0.593100 0.006119 0.011836
0 0.308239 0.590647 0.005900 0.015589
0 0.292941 0.590214 0.007212 0.016455
0 0.275350 0.587038 0.005245 0.015878
0 0.257321 0.589059 0.006774 0.014723
0 0.238964 0.595843 0.007212 0.016744
0 0.221591 0.595266 0.006993 0.016744
0 0.221154 0.534209 0.006556 0.018187
0 0.237434 0.521796 0.005463 0.011259
0 0.257102 0.532477 0.005463 0.015878
0 0.281141 0.531611 0.006337 0.019342
0 0.310315 0.548066 0.006119 0.016455
0 0.333479 0.529879 0.006119 0.017032
0 0.352491 0.528868 0.004808 0.015012
0 0.369974 0.528868 0.005682 0.018476
0 0.392483 0.522229 0.005682 0.016744
0 0.385490 0.471709 0.006556 0.017898
0 0.359047 0.473730 0.006119 0.015012
0 0.333916 0.478493 0.008304 0.013568
0 0.320804 0.480947 0.006993 0.016166
0 0.302229 0.475318 0.004808 0.017610
0 0.280704 0.479359 0.006774 0.016455
0 0.259506 0.489752 0.006337 0.018187
0 0.238855 0.483978 0.005682 0.015300
0 0.224650 0.484700 0.007867 0.016166
0 0.222137 0.442119 0.006774 0.016455
0 0.240166 0.442263 0.006556 0.013857
0 0.261145 0.436490 0.005682 0.017321
0 0.282998 0.435046 0.006119 0.015589
0 0.304414 0.437789 0.005682 0.013568
0 0.324519 0.430572 0.006119 0.020497
0 0.359266 0.426097 0.004808 0.014434
0 0.380791 0.431293 0.005026 0.012702
0 0.382867 0.383949 0.005682 0.015589
0 0.363746 0.382073 0.007212 0.015300
0 0.347137 0.384960 0.007649 0.015300
0 0.329873 0.384238 0.006774 0.015012
0 0.313374 0.383516 0.006993 0.017610
0 0.296547 0.388279 0.004808 0.017321
0 0.278409 0.392177 0.006556 0.014723
0 0.257976 0.392177 0.005463 0.016455
0 0.238636 0.395497 0.004371 0.014434
0 0.222137 0.400260 0.006337 0.012991
0 0.222465 0.356380 0.006119 0.012413
0 0.242024 0.352771 0.005026 0.013279
0 0.258195 0.346420 0.007212 0.014434
0 0.276115 0.339203 0.006774 0.015589
0 0.295127 0.335595 0.005463 0.015300
0 0.315013 0.336605 0.005463 0.016166
0 0.334790 0.325346 0.006119 0.013857
0 0.352491 0.334584 0.005245 0.013279
0 0.371722 0.336605 0.006119 0.013279
0 0.387566 0.335450 0.005900 0.012125
0 0.390734 0.286663 0.006993 0.016744
0 0.372159 0.295323 0.006119 0.015012
0 0.352054 0.263712 0.004808 0.014145
0 0.332496 0.270064 0.007212 0.012991
0 0.313593 0.270641 0.005682 0.013568
0 0.296438 0.275260 0.004152 0.012991
0 0.279283 0.276703 0.005245 0.010681
0 0.259506 0.280889 0.005900 0.017321
0 0.241040 0.291715 0.005682 0.010104
0 0.219515 0.292292 0.004589 0.011836
0 0.214379 0.234844 0.006556 0.012413
0 0.238090 0.231091 0.005463 0.014145
0 0.252622 0.229359 0.005682 0.012991
0 0.275896 0.225606 0.005026 0.011836
0 0.293269 0.220266 0.005682 0.011547
0 0.315122 0.219111 0.005682 0.013279
0 0.330966 0.221420 0.005463 0.015589
0 0.347356 0.222431 0.007212 0.016455
0 0.369318 0.217379 0.007430 0.012125
0 0.392264 0.209729 0.006119 0.013568
0 0.219624 0.176963 0.007430 0.014434
0 0.235577 0.176963 0.006993 0.013279
0 0.248252 0.180427 0.006556 0.013857
0 0.264642 0.175520 0.006119 0.012702
0 0.283982 0.167870 0.006337 0.011836
0 0.304305 0.165271 0.005900 0.012991
0 0.322006 0.162962 0.006337 0.016455
0 0.335337 0.155600 0.005900 0.009815
0 0.349213 0.160652 0.006556 0.009527
0 0.364401 0.162529 0.005463 0.012702
0 0.380463 0.162818 0.007430 0.012125
0 0.418597 0.100173 0.005026 0.011547
0 0.440887 0.091946 0.005026 0.012413
0 0.460555 0.085450 0.008086 0.012702
0 0.478802 0.085883 0.007867 0.011836
0 0.503059 0.085162 0.006119 0.011547
0 0.525240 0.082708 0.006337 0.011836
0 0.543160 0.085595 0.005463 0.008372
0 0.565997 0.087327 0.006119 0.012991
0 0.537915 0.133661 0.005463 0.012125
0 0.515844 0.135393 0.006337 0.011547
0 0.492133 0.132361 0.006119 0.011259
0 0.470935 0.136980 0.006993 0.013568
0 0.451595 0.139723 0.007212 0.012125
0 0.434659 0.142898 0.005682 0.012702
0 0.412260 0.138424 0.006774 0.012413
0 0.779174 0.189954 0.007649 0.016166
0 0.801136 0.187067 0.006556 0.016744
0 0.815778 0.178695 0.005245 0.012702
0 0.837194 0.177829 0.005682 0.015012
0 0.855769 0.179128 0.006556 0.015878
0 0.868663 0.174798 0.006119 0.014145
0 0.889860 0.174221 0.009615 0.012991
0 0.908545 0.175664 0.007649 0.014723
0 0.926136 0.177396 0.009178 0.017032
0 0.948536 0.169602 0.007212 0.015300
0 0.787478 0.248845 0.007649 0.015589
0 0.804633 0.247835 0.008304 0.012991
0 0.821897 0.244082 0.008304 0.013568
0 0.838287 0.244804 0.007867 0.013857
0 0.853038 0.246391 0.006774 0.012991
0 0.869974 0.237587 0.010052 0.012125
0 0.906578 0.243938 0.007649 0.015589
0 0.926683 0.228926 0.007212 0.014434
0 0.941215 0.226761 0.009615 0.017610
0 0.955201 0.228204 0.006556 0.018187
0 0.889423 0.303695 0.005682 0.012702
0 0.867898 0.304561 0.005463 0.010970
0 0.847356 0.304417 0.006774 0.013568
0 0.827906 0.300231 0.007649 0.016744
0 0.809331 0.305283 0.006774 0.012991
0 0.785730 0.318995 0.005026 0.010393
0 0.889423 0.257939 0.008304 0.012991
