0 0.182447 0.141741 0.114348 0.043403
0 0.342134 0.154142 0.117626 0.036458
0 0.506555 0.154514 0.108521 0.032738
0 0.506555 0.129340 0.061908 0.022073
0 0.673161 0.128472 0.089221 0.036210
0 0.821012 0.116071 0.045521 0.016865
0 0.838310 0.137277 0.104880 0.036458
0 0.154406 0.251364 0.091042 0.022569
0 0.158776 0.271949 0.091770 0.031002
0 0.342680 0.240203 0.048798 0.019097
0 0.352149 0.258805 0.115805 0.042907
0 0.514749 0.253348 0.046977 0.014137
0 0.516752 0.276166 0.120903 0.047371
0 0.691369 0.271081 0.100874 0.032738
0 0.836672 0.252728 0.063729 0.024306
0 0.825200 0.273313 0.109978 0.046131
0 0.167516 0.389757 0.096140 0.031994
0 0.330663 0.388889 0.120903 0.038194
0 0.501821 0.360987 0.049527 0.022073
0 0.510379 0.380332 0.124909 0.031994
0 0.678077 0.372272 0.111435 0.033234
0 0.832848 0.378968 0.113620 0.035218
0 0.181355 0.502604 0.125273 0.037946
0 0.190095 0.536458 0.092498 0.023810
0 0.385288 0.505952 0.114348 0.038194
0 0.634013 0.493800 0.128915 0.030258
0 0.637473 0.524058 0.097961 0.022321
0 0.844865 0.503472 0.123088 0.038690
0 0.626730 0.589534 0.122360 0.039187
0 0.395666 0.577381 0.115441 0.031746
0 0.400218 0.608631 0.085215 0.023810
0 0.190641 0.604167 0.114712 0.039187
0 0.339585 0.365327 0.054989 0.058036
0 0.176621 0.130332 0.093955 0.019593
