0 0.159787 0.190127 0.283755 0.310633
0 0.433049 0.153224 0.220792 0.245197
0 0.646425 0.157980 0.209039 0.239871
0 0.867987 0.147422 0.212257 0.246148
0 0.162586 0.450162 0.293830 0.367700
0 0.419057 0.371980 0.209878 0.245197
0 0.642158 0.368176 0.231566 0.292753
0 0.873373 0.360282 0.227788 0.257942
0 0.428012 0.584364 0.199804 0.234735
0 0.653351 0.582271 0.187351 0.240822
0 0.860991 0.585410 0.218413 0.264219
0 0.165664 0.797889 0.296908 0.355146
0 0.438506 0.843257 0.234784 0.262127
0 0.666224 0.827944 0.220652 0.252425
