0 0.074718 0.175554 0.112994 0.111430
0 0.064477 0.284404 0.111441 0.106269
0 0.175494 0.169151 0.074435 0.079511
0 0.264548 0.172401 0.076836 0.086009
0 0.173164 0.247706 0.074576 0.081804
0 0.261017 0.255638 0.077684 0.078555
0 0.176624 0.441514 0.072175 0.072248
0 0.265325 0.427752 0.087994 0.087156
0 0.179802 0.509461 0.086441 0.082760
0 0.082062 0.649083 0.102825 0.117737
0 0.176695 0.849293 0.076836 0.070145
0 0.272881 0.678039 0.070621 0.064794
0 0.270127 0.745604 0.068220 0.056575
0 0.265819 0.923452 0.067514 0.056002
0 0.356144 0.807722 0.067655 0.066131
0 0.342514 0.155772 0.051412 0.049694
0 0.399506 0.148222 0.053531 0.052561
0 0.458263 0.152714 0.056921 0.054664
0 0.347246 0.207378 0.052966 0.047783
0 0.402048 0.212443 0.054379 0.055237
0 0.457274 0.205562 0.054944 0.052561
0 0.346610 0.268731 0.056497 0.060015
0 0.400282 0.255734 0.050847 0.047783
0 0.461511 0.256785 0.057486 0.052561
0 0.347105 0.314794 0.057486 0.056575
0 0.403319 0.314794 0.045904 0.044343
0 0.456780 0.316227 0.050847 0.047209
0 0.343785 0.503631 0.061017 0.054664
0 0.401059 0.499522 0.055508 0.049121
0 0.343008 0.562691 0.052401 0.053899
0 0.400000 0.558486 0.052542 0.047018
0 0.348588 0.623758 0.052542 0.049121
0 0.533192 0.164278 0.077684 0.087347
0 0.617444 0.157779 0.073588 0.068998
0 0.686088 0.148891 0.076695 0.070336
0 0.748093 0.157875 0.053531 0.053899
0 0.614407 0.220948 0.073729 0.064220
0 0.686299 0.220566 0.070056 0.063456
0 0.750847 0.223337 0.057062 0.049885
0 0.616949 0.289946 0.074576 0.061544
0 0.690607 0.284786 0.074718 0.068807
0 0.612641 0.350726 0.072175 0.066896
0 0.686229 0.347190 0.067090 0.065558
0 0.611582 0.409786 0.073164 0.063456
0 0.688277 0.408352 0.070056 0.070145
0 0.610876 0.467412 0.066667 0.061353
0 0.687500 0.474293 0.076695 0.068234
0 0.681992 0.530868 0.068503 0.060206
0 0.611370 0.587156 0.075565 0.075688
0 0.525353 0.493979 0.081215 0.072439
0 0.837853 0.186162 0.056497 0.049312
0 0.936441 0.172209 0.110452 0.105887
0 0.849435 0.388570 0.093785 0.101682
0 0.836864 0.662271 0.100000 0.141437
0 0.935452 0.634652 0.103390 0.090023
0 0.855508 0.877580 0.084746 0.065558
0 0.935946 0.886181 0.062006 0.059442
0 0.934958 0.944476 0.065113 0.056002
0 0.694633 0.808104 0.066667 0.057339
0 0.620480 0.804664 0.072599 0.060015
0 0.529449 0.812404 0.083192 0.071674
