0 0.073561 0.135169 0.060546 0.068775
0 0.074268 0.222995 0.060546 0.079444
0 0.072712 0.432559 0.055736 0.053915
0 0.071934 0.505620 0.054180 0.054106
0 0.408686 0.145837 0.124204 0.121737
0 0.564366 0.161174 0.136794 0.148219
0 0.724289 0.163269 0.131277 0.171461
0 0.844462 0.197085 0.093507 0.135454
0 0.734474 0.322061 0.121941 0.188417
0 0.735677 0.488760 0.135097 0.174700
0 0.740770 0.646980 0.126609 0.156601
0 0.746287 0.809869 0.132833 0.175653
0 0.919932 0.717279 0.096761 0.094113
0 0.925095 0.794056 0.069175 0.072014
0 0.929410 0.868165 0.069883 0.069728
0 0.580068 0.515146 0.133682 0.136407
0 0.413425 0.522004 0.158863 0.152410
0 0.415052 0.833206 0.144575 0.143837
0 0.062527 0.878739 0.049512 0.044389
0 0.122224 0.876643 0.052624 0.044389
0 0.064931 0.935893 0.052624 0.048581
0 0.130146 0.935416 0.060546 0.051819
0 0.196916 0.934845 0.054322 0.057154
