0 0.067241 0.101111 0.095808 0.104040
0 0.072168 0.197374 0.093937 0.094545
0 0.069237 0.276566 0.098553 0.114747
0 0.069237 0.370707 0.095808 0.101010
0 0.070609 0.458687 0.090569 0.104848
0 0.070734 0.553636 0.098802 0.092727
0 0.069174 0.642121 0.085205 0.094747
0 0.066367 0.737475 0.090818 0.085051
0 0.071482 0.818687 0.090818 0.091111
0 0.069112 0.904747 0.090319 0.100404
0 0.159306 0.896768 0.085579 0.106667
0 0.158371 0.803636 0.083957 0.096162
0 0.158870 0.708586 0.097680 0.092727
0 0.159431 0.610303 0.092066 0.116364
0 0.162051 0.505253 0.092814 0.116364
0 0.164608 0.408788 0.081712 0.104444
0 0.163423 0.308384 0.097305 0.103232
0 0.164234 0.206667 0.091193 0.112727
0 0.162737 0.110505 0.089945 0.108687
0 0.254678 0.191313 0.088199 0.084848
0 0.252433 0.280909 0.092939 0.108081
0 0.251123 0.378788 0.088573 0.103030
0 0.253056 0.479697 0.097680 0.110101
0 0.247193 0.575556 0.092939 0.092525
0 0.249189 0.665354 0.092440 0.087071
0 0.250062 0.755657 0.097680 0.107273
0 0.248940 0.855657 0.087700 0.112121
0 0.340195 0.821111 0.099800 0.093535
0 0.341879 0.728485 0.098927 0.108687
0 0.341692 0.639596 0.096806 0.091313
0 0.337575 0.548788 0.093812 0.104444
0 0.340319 0.452626 0.087325 0.094747
0 0.342315 0.368990 0.084331 0.103232
0 0.341442 0.271919 0.085080 0.101010
0 0.337949 0.174242 0.093812 0.102424
0 0.341754 0.076465 0.086951 0.097576
0 0.442927 0.174646 0.095434 0.095960
0 0.443426 0.266970 0.098927 0.102424
0 0.443550 0.358889 0.095933 0.108081
0 0.439309 0.448384 0.088199 0.094747
0 0.438436 0.532323 0.078718 0.088485
0 0.436627 0.677879 0.088573 0.099596
0 0.438061 0.768485 0.095933 0.098182
0 0.533308 0.517677 0.076597 0.087071
0 0.536552 0.431717 0.077844 0.080808
0 0.541729 0.346364 0.095933 0.098384
0 0.541542 0.248586 0.096307 0.107273
0 0.541230 0.153333 0.083957 0.091313
0 0.635292 0.209798 0.092939 0.117778
0 0.628992 0.304545 0.089820 0.105253
0 0.630052 0.403131 0.087700 0.095960
0 0.630302 0.488485 0.090694 0.101010
0 0.628743 0.578687 0.084331 0.085051
0 0.624064 0.657778 0.075724 0.082828
0 0.630052 0.737576 0.089446 0.115556
0 0.627058 0.843030 0.093688 0.109495
0 0.723179 0.087879 0.093313 0.107879
0 0.719748 0.182323 0.091692 0.097576
0 0.718251 0.278081 0.089446 0.106465
0 0.717627 0.369293 0.089945 0.085657
0 0.714197 0.448788 0.084830 0.087071
0 0.716317 0.534040 0.093313 0.104444
0 0.715444 0.628889 0.093313 0.101818
0 0.712637 0.719495 0.086203 0.089091
0 0.710516 0.808283 0.090444 0.106667
0 0.710329 0.907475 0.096806 0.105859
0 0.817241 0.087576 0.098054 0.115758
0 0.815057 0.186465 0.081712 0.103030
0 0.812687 0.273939 0.093438 0.106667
0 0.809444 0.369394 0.092939 0.112121
0 0.804703 0.470000 0.079965 0.090707
0 0.801709 0.557980 0.091193 0.101010
0 0.803705 0.651515 0.094187 0.096970
0 0.799588 0.766061 0.089446 0.096162
0 0.829029 0.917576 0.091692 0.101010
0 0.919349 0.860505 0.084706 0.089899
0 0.919785 0.776263 0.090818 0.098384
0 0.917665 0.699192 0.079591 0.076768
0 0.919411 0.615657 0.089072 0.101616
0 0.918288 0.527475 0.092814 0.094141
0 0.919848 0.431414 0.088199 0.105253
0 0.921282 0.347374 0.095559 0.085051
0 0.920908 0.261515 0.104042 0.102424
0 0.920222 0.174646 0.095933 0.097576
