0 0.020610 0.061714 0.005496 0.015359
0 0.018961 0.143505 0.006046 0.011658
0 0.053792 0.148594 0.005633 0.012953
0 0.084707 0.151739 0.005908 0.008882
0 0.118577 0.155070 0.005221 0.012213
0 0.147225 0.150537 0.005359 0.010178
0 0.177246 0.149426 0.005221 0.009067
0 0.181231 0.071799 0.005496 0.014804
0 0.021366 0.247964 0.005633 0.013323
0 0.053792 0.241303 0.005359 0.012583
0 0.085738 0.240377 0.005496 0.015174
0 0.109165 0.238712 0.006183 0.016284
0 0.144683 0.239452 0.006320 0.014064
0 0.184872 0.241210 0.005908 0.020170
0 0.211665 0.281181 0.003160 0.012398
0 0.013053 0.339748 0.006870 0.019245
0 0.044449 0.338638 0.005908 0.012583
0 0.082028 0.338083 0.005771 0.014804
0 0.117752 0.335585 0.006046 0.013138
0 0.150797 0.322261 0.005908 0.014989
0 0.179170 0.333642 0.008244 0.014804
0 0.016213 0.436714 0.006320 0.014804
0 0.050769 0.432828 0.005633 0.014434
0 0.079898 0.434771 0.005908 0.014619
0 0.116653 0.427924 0.007969 0.012768
0 0.152995 0.429867 0.006733 0.016284
0 0.181162 0.435326 0.005908 0.011288
0 0.210635 0.392024 0.005771 0.017950
0 0.019580 0.533401 0.005908 0.014619
0 0.043625 0.530718 0.007007 0.010733
0 0.081891 0.540618 0.007694 0.013509
0 0.110813 0.530163 0.005633 0.014064
0 0.143721 0.541266 0.004672 0.016654
0 0.172163 0.537750 0.004672 0.012953
0 0.014015 0.639249 0.007694 0.012768
0 0.044724 0.629071 0.004809 0.011288
0 0.074608 0.632494 0.005221 0.013323
0 0.105249 0.636751 0.004672 0.010733
0 0.135271 0.642024 0.004809 0.014619
0 0.175185 0.641562 0.006320 0.012583
0 0.207406 0.588175 0.006458 0.013879
0 0.203833 0.671632 0.005908 0.014249
0 0.018343 0.742043 0.005359 0.015914
0 0.045136 0.732791 0.005084 0.013694
0 0.076120 0.743061 0.005221 0.017209
0 0.103669 0.741118 0.004809 0.015174
0 0.130049 0.739082 0.004809 0.014804
0 0.160209 0.734734 0.005221 0.014619
0 0.191330 0.739637 0.005633 0.015914
0 0.010580 0.847890 0.006870 0.014804
0 0.041220 0.849648 0.005771 0.016469
0 0.073578 0.846410 0.008381 0.017395
0 0.097760 0.850851 0.006458 0.016284
0 0.130187 0.844930 0.005633 0.015914
0 0.155262 0.852794 0.007969 0.014619
0 0.188239 0.846132 0.005496 0.012398
0 0.072891 0.959937 0.006183 0.014249
0 0.101264 0.954756 0.005771 0.015359
0 0.132797 0.953090 0.007832 0.013879
0 0.163506 0.959474 0.008244 0.015544
0 0.219978 0.064582 0.006046 0.014064
0 0.249863 0.072076 0.005633 0.010178
0 0.275488 0.069856 0.005771 0.014249
0 0.302968 0.055514 0.006046 0.015914
0 0.330654 0.073279 0.005359 0.012953
0 0.362187 0.054774 0.004672 0.010733
0 0.389118 0.050518 0.005771 0.008512
0 0.221009 0.178942 0.006733 0.015544
0 0.239145 0.175611 0.006183 0.015914
0 0.261061 0.167376 0.007145 0.014249
0 0.280640 0.161917 0.007282 0.015914
0 0.303586 0.161269 0.007557 0.009437
0 0.324334 0.163768 0.006733 0.013694
0 0.345768 0.156921 0.007282 0.015174
0 0.380530 0.168024 0.005633 0.014804
0 0.240725 0.276277 0.007420 0.014804
0 0.267038 0.282568 0.005633 0.009993
0 0.299945 0.269430 0.006320 0.012583
0 0.329830 0.255089 0.005633 0.011658
0 0.353737 0.278497 0.005084 0.015174
0 0.371462 0.278590 0.005084 0.013509
0 0.393446 0.270355 0.004534 0.014434
0 0.263259 0.373890 0.007145 0.017209
0 0.283594 0.378886 0.007969 0.013879
0 0.307090 0.378331 0.006870 0.017209
0 0.334295 0.381292 0.006595 0.014989
0 0.367821 0.349093 0.006595 0.012398
0 0.390286 0.370189 0.005359 0.013879
0 0.209192 0.478257 0.006733 0.013138
0 0.246290 0.587343 0.006183 0.015544
0 0.281121 0.585122 0.005221 0.014434
0 0.315677 0.570411 0.007557 0.016469
0 0.359508 0.581514 0.006458 0.015729
0 0.387881 0.589933 0.005771 0.014434
0 0.224856 0.668856 0.006183 0.016839
0 0.256389 0.666358 0.006870 0.014434
0 0.276037 0.669689 0.005221 0.011103
0 0.296647 0.666266 0.007420 0.017209
0 0.307846 0.660899 0.005908 0.016469
0 0.322547 0.664138 0.004259 0.011103
0 0.345218 0.661732 0.005084 0.013323
0 0.383622 0.664415 0.006046 0.013509
0 0.213726 0.744264 0.005084 0.015544
0 0.232688 0.743708 0.005633 0.012213
0 0.258313 0.754349 0.004122 0.012398
0 0.301388 0.754441 0.005908 0.014434
0 0.337112 0.770818 0.007007 0.016469
0 0.373111 0.771003 0.006183 0.014249
0 0.221009 0.852517 0.006458 0.013694
0 0.257420 0.857976 0.007007 0.015359
0 0.290190 0.853905 0.006595 0.017580
0 0.330311 0.857605 0.006595 0.014249
0 0.361226 0.862972 0.006595 0.017950
0 0.389255 0.867228 0.006595 0.014619
0 0.224306 0.950222 0.006458 0.012213
0 0.260030 0.957994 0.003985 0.012953
0 0.288747 0.952628 0.006733 0.013694
0 0.325570 0.957717 0.005908 0.011658
0 0.433773 0.045707 0.006320 0.013323
0 0.471970 0.028405 0.005496 0.016099
0 0.817738 0.108808 0.005633 0.014064
0 0.840135 0.104275 0.007007 0.013509
0 0.865210 0.099926 0.008519 0.015544
0 0.883141 0.097335 0.006733 0.014434
0 0.910965 0.089656 0.007694 0.012028
0 0.942567 0.097150 0.005496 0.014804
0 0.962833 0.090118 0.005084 0.011843
0 0.985298 0.107143 0.006320 0.012953
0 0.818838 0.169967 0.006733 0.013509
0 0.848928 0.171447 0.006458 0.012768
0 0.821998 0.562176 0.005633 0.015544
0 0.836906 0.559585 0.006046 0.013323
0 0.856966 0.556347 0.004946 0.009808
0 0.879637 0.543764 0.004672 0.012398
0 0.903888 0.553386 0.005084 0.012768
0 0.252267 0.472058 0.005771 0.012953
0 0.278991 0.467246 0.006458 0.011473
0 0.318151 0.457346 0.007007 0.013138
0 0.352982 0.461140 0.004672 0.009252
0 0.382110 0.483993 0.007969 0.017580
