0 0.157468 0.175105 0.154040 0.057792
0 0.320707 0.183873 0.180375 0.054087
0 0.480159 0.168931 0.169553 0.056804
0 0.647547 0.179304 0.181097 0.049395
0 0.830267 0.163621 0.169913 0.052606
0 0.153319 0.369844 0.177489 0.051618
0 0.320346 0.364041 0.160173 0.072117
0 0.486111 0.369103 0.174964 0.060509
0 0.656385 0.360336 0.149711 0.062238
0 0.834055 0.329341 0.181818 0.077797
0 0.826479 0.393430 0.116883 0.037540
0 0.829365 0.514078 0.173882 0.055075
0 0.682720 0.537787 0.158369 0.059521
0 0.521104 0.511978 0.170635 0.072611
0 0.498377 0.578538 0.177128 0.043714
0 0.346320 0.520252 0.189755 0.055569
0 0.340909 0.570511 0.142857 0.035070
0 0.164683 0.520375 0.167027 0.055816
0 0.148629 0.583354 0.168110 0.049889
0 0.163420 0.737960 0.170996 0.050877
0 0.345599 0.726970 0.169553 0.053593
0 0.510462 0.721783 0.168831 0.082243
0 0.881313 0.558039 0.062771 0.049642
