0 0.045183 0.173232 0.025125 0.058713
0 0.078151 0.168355 0.019156 0.058713
0 0.113756 0.160476 0.034842 0.065841
0 0.169906 0.141437 0.024708 0.063028
0 0.015894 0.256706 0.025403 0.064716
0 0.048376 0.243950 0.023182 0.054962
0 0.080650 0.249766 0.023320 0.061715
0 0.109939 0.250985 0.019156 0.065279
0 0.138118 0.249766 0.021099 0.061715
0 0.169697 0.248452 0.025125 0.067717
0 0.014992 0.342619 0.021099 0.065841
0 0.043656 0.335115 0.024570 0.066592
0 0.075444 0.342619 0.028179 0.065841
0 0.113756 0.339617 0.026791 0.069593
0 0.149778 0.343838 0.026374 0.066029
0 0.176430 0.338304 0.021377 0.069593
0 0.020822 0.431908 0.027207 0.060589
0 0.041644 0.444851 0.016935 0.063590
0 0.074125 0.449447 0.021099 0.063028
0 0.098071 0.444288 0.025958 0.073345
0 0.139922 0.439411 0.025541 0.059839
0 0.016102 0.532921 0.020544 0.057025
0 0.042962 0.535922 0.025125 0.073907
0 0.071835 0.537141 0.022904 0.067717
0 0.145058 0.517445 0.023320 0.063590
0 0.179553 0.513881 0.025958 0.064716
0 0.020614 0.608891 0.022349 0.057400
0 0.054414 0.615551 0.024708 0.058713
0 0.088631 0.617895 0.022349 0.070906
0 0.119795 0.607672 0.024708 0.065841
0 0.156024 0.619208 0.024708 0.056275
0 0.192115 0.617989 0.026929 0.064716
0 0.023251 0.724817 0.033176 0.075033
0 0.059967 0.700525 0.024153 0.073720
0 0.135480 0.703527 0.026374 0.066592
0 0.170322 0.701369 0.025541 0.062277
0 0.015200 0.808479 0.020683 0.062277
0 0.052610 0.792534 0.033592 0.076158
0 0.086410 0.790002 0.029567 0.072594
0 0.111466 0.783999 0.027762 0.066592
0 0.178928 0.786156 0.029150 0.074282
0 0.032204 0.891765 0.032204 0.073907
0 0.073431 0.889889 0.032204 0.065279
0 0.411507 0.151097 0.013465 0.050835
0 0.459814 0.151754 0.017907 0.043519
0 0.513326 0.151097 0.021932 0.060589
0 0.537132 0.145282 0.019295 0.052711
0 0.561494 0.141718 0.019711 0.054962
0 0.590228 0.140499 0.019711 0.061152
0 0.422890 0.234571 0.020128 0.050835
0 0.452665 0.231851 0.019711 0.057400
0 0.482093 0.221534 0.021932 0.057400
0 0.506455 0.247046 0.018740 0.051397
0 0.527901 0.250891 0.018878 0.049709
0 0.549903 0.242731 0.014298 0.046520
0 0.568712 0.243294 0.016102 0.051397
0 0.589464 0.244607 0.016519 0.070906
0 0.419142 0.321985 0.028734 0.058713
0 0.446210 0.321140 0.018462 0.060401
0 0.473071 0.317483 0.014714 0.043707
0 0.494586 0.323579 0.016657 0.054399
0 0.523945 0.326862 0.017907 0.041831
0 0.546780 0.319358 0.012493 0.039955
0 0.574681 0.314200 0.017490 0.045395
0 0.413798 0.398237 0.016102 0.044269
0 0.436841 0.410899 0.013881 0.053836
0 0.465713 0.400394 0.016102 0.048584
0 0.492088 0.397393 0.015269 0.051960
0 0.523459 0.412868 0.014436 0.056275
0 0.550319 0.396455 0.016241 0.051585
0 0.570725 0.394673 0.015686 0.052523
0 0.595086 0.370099 0.015269 0.042394
0 0.407482 0.480585 0.014298 0.040518
0 0.428512 0.486307 0.012493 0.043707
0 0.454539 0.485369 0.014298 0.044082
0 0.478276 0.486400 0.013465 0.037516
0 0.501249 0.479647 0.013881 0.038642
0 0.523667 0.487807 0.015686 0.042956
0 0.546502 0.483305 0.013881 0.043707
0 0.565103 0.486025 0.014436 0.045395
0 0.591061 0.459670 0.016102 0.045958
0 0.458495 0.561339 0.020544 0.056837
0 0.489034 0.580379 0.016102 0.052523
0 0.589742 0.572876 0.020683 0.037516
0 0.422682 0.694992 0.016935 0.048396
0 0.452943 0.682142 0.019156 0.058713
0 0.473071 0.673607 0.019156 0.051397
0 0.506663 0.673326 0.025541 0.066592
0 0.844253 0.103264 0.014714 0.035078
