0 0.051782 0.116221 0.066648 0.066794
0 0.050655 0.176813 0.068902 0.067366
0 0.053473 0.244561 0.070875 0.073473
0 0.059180 0.311641 0.066789 0.065649
0 0.060519 0.380916 0.078202 0.064885
0 0.062914 0.447519 0.079329 0.076336
0 0.151120 0.129294 0.087502 0.079962
0 0.150627 0.203626 0.096097 0.082824
0 0.153022 0.284542 0.091870 0.080916
0 0.155418 0.362882 0.092997 0.084924
0 0.231577 0.116794 0.054812 0.057634
0 0.283711 0.117557 0.050867 0.054198
0 0.231084 0.168034 0.053826 0.051718
0 0.286882 0.171756 0.052698 0.058397
0 0.233056 0.225477 0.052698 0.054389
0 0.288009 0.227481 0.052698 0.049237
0 0.233479 0.279962 0.049035 0.049618
0 0.286882 0.283969 0.054953 0.049618
0 0.235874 0.333969 0.052417 0.047328
0 0.287727 0.335496 0.049317 0.052290
0 0.234536 0.385973 0.051148 0.049809
0 0.291743 0.394275 0.053403 0.052290
0 0.234606 0.433206 0.050444 0.050763
0 0.357475 0.116031 0.071580 0.068321
0 0.429970 0.115267 0.069748 0.072901
0 0.503593 0.120992 0.072989 0.076336
0 0.575525 0.124046 0.064112 0.068321
0 0.356348 0.181775 0.069325 0.066221
0 0.429477 0.186546 0.065662 0.070802
0 0.500845 0.189122 0.063830 0.064885
0 0.576793 0.183779 0.067493 0.070229
0 0.359518 0.242748 0.071157 0.066794
0 0.432014 0.247137 0.073834 0.065267
0 0.502607 0.248855 0.064534 0.065649
0 0.576652 0.254580 0.067211 0.065267
0 0.577779 0.320706 0.066366 0.065840
0 0.585529 0.380248 0.070875 0.072328
0 0.505777 0.313454 0.072284 0.069275
0 0.512822 0.378912 0.068621 0.068893
0 0.432436 0.308588 0.071580 0.075954
0 0.357686 0.307920 0.071157 0.069275
0 0.361984 0.377385 0.071580 0.071947
0 0.438284 0.376622 0.080457 0.072328
0 0.479076 0.456966 0.081161 0.083397
0 0.689728 0.114981 0.078343 0.083397
0 0.776314 0.112309 0.075666 0.081870
0 0.855714 0.122519 0.084543 0.084351
0 0.939270 0.117748 0.083416 0.093893
0 0.689939 0.191317 0.083838 0.085305
0 0.776525 0.192080 0.081161 0.080725
0 0.688812 0.270420 0.091165 0.095038
0 0.774412 0.275191 0.086797 0.089313
0 0.861209 0.279485 0.084543 0.083015
0 0.941102 0.283969 0.083416 0.085878
0 0.687121 0.357824 0.090038 0.091985
0 0.775046 0.360878 0.090883 0.090840
0 0.858602 0.359542 0.081584 0.090458
0 0.938706 0.361355 0.086797 0.092939
0 0.690080 0.441698 0.087220 0.094084
0 0.776314 0.441985 0.090602 0.087405
0 0.859941 0.442748 0.071580 0.074809
0 0.940045 0.440172 0.090883 0.083779
0 0.065168 0.625286 0.071157 0.064313
0 0.145414 0.614408 0.051571 0.048664
0 0.145414 0.673950 0.050726 0.053244
0 0.222136 0.611450 0.053121 0.055725
0 0.283852 0.609256 0.053403 0.053244
0 0.221220 0.672233 0.066789 0.056679
0 0.284486 0.668702 0.059744 0.052672
0 0.370086 0.605725 0.073129 0.071374
0 0.444836 0.605153 0.072707 0.075191
0 0.518811 0.601145 0.075243 0.074427
0 0.594054 0.603435 0.075243 0.064885
0 0.369170 0.673760 0.080879 0.073855
0 0.447583 0.669656 0.080457 0.074809
0 0.524729 0.671469 0.078343 0.075382
0 0.598351 0.665649 0.074820 0.060687
0 0.371918 0.749809 0.076793 0.077481
0 0.447654 0.747805 0.081161 0.071183
0 0.529167 0.743034 0.079611 0.065840
0 0.607369 0.738740 0.076793 0.074427
0 0.371777 0.818798 0.075666 0.078817
0 0.451317 0.826145 0.078907 0.068321
0 0.529167 0.823569 0.080457 0.075382
0 0.606453 0.815553 0.074961 0.064313
0 0.775750 0.606202 0.059039 0.050191
0 0.831549 0.603340 0.052557 0.054771
0 0.897421 0.614408 0.055235 0.057824
0 0.951106 0.604866 0.055235 0.065840
0 0.772016 0.660878 0.055235 0.054198
0 0.833098 0.660973 0.055657 0.056298
0 0.899605 0.671469 0.055376 0.052099
0 0.950824 0.669466 0.055235 0.054198
0 0.773496 0.726908 0.062703 0.061832
0 0.836621 0.726908 0.064112 0.058779
0 0.898830 0.725668 0.052980 0.045229
0 0.950965 0.729485 0.056362 0.049809
0 0.772932 0.786450 0.053403 0.051145
0 0.833592 0.786737 0.061153 0.054771
0 0.897985 0.775191 0.048189 0.049618
0 0.950965 0.782634 0.059462 0.052672
0 0.774271 0.840935 0.050726 0.051718
0 0.836057 0.845420 0.059321 0.053817
0 0.899676 0.827385 0.049317 0.045611
0 0.947443 0.834160 0.053826 0.052290
0 0.943709 0.891412 0.053685 0.051145
