0 0.177843 0.163486 0.209913 0.072828
0 0.362063 0.169262 0.176020 0.068810
0 0.537536 0.177926 0.181487 0.065545
0 0.690051 0.171647 0.158528 0.059518
0 0.842019 0.175540 0.168732 0.069312
0 0.168550 0.336514 0.149781 0.062783
0 0.349854 0.338147 0.176385 0.073581
0 0.513848 0.338021 0.157434 0.067805
0 0.663083 0.343169 0.157070 0.072577
0 0.838375 0.349196 0.161443 0.066047
0 0.161990 0.520342 0.197157 0.068810
0 0.340197 0.510422 0.186224 0.067554
0 0.496720 0.506278 0.190233 0.075841
0 0.674563 0.498619 0.174927 0.067052
0 0.853316 0.513184 0.178936 0.057007
0 0.853316 0.677800 0.157070 0.063787
0 0.689140 0.697891 0.136297 0.070316
0 0.521684 0.692617 0.157799 0.044199
0 0.345845 0.685585 0.185860 0.055751
0 0.184220 0.673782 0.187682 0.075339
0 0.200073 0.850829 0.137026 0.052737
0 0.350583 0.854345 0.193878 0.082873
0 0.515306 0.841286 0.173469 0.066801
0 0.698797 0.824586 0.186953 0.071572
0 0.855503 0.819814 0.177478 0.103214
