0 0.104917 0.190185 0.030647 0.075096
0 0.182381 0.190272 0.021518 0.077017
0 0.063445 0.354611 0.032212 0.072826
0 0.128652 0.364303 0.029082 0.088369
0 0.263237 0.156305 0.019171 0.075096
0 0.300078 0.140412 0.016171 0.034928
0 0.442032 0.181453 0.016041 0.071952
0 0.493414 0.200489 0.020736 0.078938
0 0.617306 0.207649 0.033777 0.126441
0 0.658320 0.208173 0.026865 0.082082
0 0.690597 0.199441 0.028299 0.099546
0 0.723918 0.202585 0.027647 0.073000
0 0.766562 0.195337 0.023735 0.083304
0 0.792971 0.161980 0.015258 0.036849
0 0.756129 0.308942 0.036776 0.123297
0 0.699400 0.308330 0.029212 0.095529
0 0.672926 0.303702 0.016171 0.067761
0 0.638824 0.312522 0.016823 0.062696
0 0.600417 0.313482 0.022953 0.068809
0 0.613459 0.426476 0.016954 0.083130
0 0.650691 0.414687 0.023865 0.057457
0 0.676382 0.398271 0.018388 0.078065
0 0.703247 0.404995 0.010824 0.052393
0 0.730112 0.428484 0.021518 0.111946
0 0.756521 0.427524 0.014606 0.050297
0 0.607720 0.514845 0.016171 0.070905
0 0.641497 0.524625 0.011476 0.051345
0 0.678730 0.509693 0.021518 0.060601
0 0.700900 0.530737 0.019953 0.074048
0 0.721635 0.515892 0.018388 0.056584
0 0.757694 0.522529 0.015389 0.067761
0 0.837898 0.554314 0.013041 0.034928
0 0.766562 0.603737 0.013041 0.071952
0 0.735133 0.623734 0.013041 0.054314
0 0.700900 0.631942 0.021518 0.085400
0 0.672144 0.623297 0.014606 0.053440
0 0.641888 0.624258 0.009129 0.049424
0 0.608894 0.621638 0.010694 0.044184
0 0.603547 0.704942 0.013824 0.060601
0 0.638367 0.716731 0.025300 0.086273
0 0.667188 0.742403 0.012259 0.053440
0 0.708594 0.718215 0.023083 0.060601
0 0.734285 0.718302 0.008477 0.033881
