0 0.081305 0.100618 0.129240 0.124040
0 0.223400 0.096965 0.129240 0.129099
0 0.361666 0.100150 0.138266 0.129099
0 0.498427 0.100150 0.133616 0.133221
0 0.637103 0.097995 0.128419 0.122915
0 0.776874 0.099026 0.131428 0.129099
0 0.084382 0.219786 0.123085 0.122915
0 0.222237 0.215102 0.125274 0.128162
0 0.359819 0.216226 0.129923 0.117669
0 0.500342 0.216226 0.133069 0.117669
0 0.085544 0.339985 0.128419 0.123852
0 0.222237 0.332771 0.129923 0.128162
0 0.360572 0.335394 0.134437 0.127038
0 0.496171 0.332115 0.133753 0.133221
0 0.637856 0.331179 0.138950 0.126850
0 0.774617 0.330148 0.131565 0.131160
0 0.084313 0.452408 0.118572 0.123852
0 0.219981 0.446787 0.139086 0.124977
0 0.361324 0.448286 0.132932 0.132097
0 0.500342 0.447255 0.128419 0.124040
0 0.638608 0.447255 0.131428 0.128162
0 0.775711 0.446224 0.133753 0.130223
0 0.082467 0.567454 0.126915 0.120854
0 0.222648 0.557617 0.139770 0.121791
0 0.360503 0.564175 0.129923 0.124414
0 0.498906 0.564737 0.132385 0.121791
0 0.637856 0.561832 0.121171 0.117107
0 0.774685 0.558085 0.122128 0.120480
0 0.084382 0.680438 0.123085 0.117482
0 0.222237 0.675754 0.143600 0.139592
0 0.363512 0.679314 0.129923 0.123852
0 0.498496 0.678284 0.123085 0.125913
0 0.637103 0.676223 0.125410 0.121791
0 0.777284 0.675192 0.145925 0.142589
0 0.775711 0.792861 0.147429 0.142589
0 0.756428 0.901630 0.085886 0.118793
0 0.636693 0.794922 0.135257 0.127975
0 0.498838 0.793330 0.139086 0.122915
0 0.359409 0.795484 0.127735 0.118606
0 0.222237 0.793892 0.137582 0.130036
0 0.083972 0.798108 0.120897 0.115608
0 0.083219 0.913622 0.133069 0.132284
0 0.222237 0.910530 0.129923 0.123852
0 0.362828 0.906783 0.134573 0.129099
0 0.500342 0.910530 0.128419 0.123852
0 0.638676 0.907813 0.129923 0.131160
0 0.636761 0.216133 0.129923 0.119730
0 0.774617 0.216695 0.126094 0.116732
