0 0.087630 0.121450 0.122376 0.152669
0 0.084175 0.214703 0.118124 0.161128
0 0.084906 0.371702 0.128089 0.139980
0 0.092479 0.490836 0.125166 0.132528
0 0.085238 0.610675 0.124502 0.134542
0 0.090154 0.727291 0.128754 0.134542
0 0.086633 0.869889 0.118788 0.122860
0 0.199973 0.849748 0.100718 0.110373
0 0.202365 0.742095 0.084507 0.090030
0 0.202365 0.660020 0.091682 0.091037
0 0.199907 0.572508 0.086766 0.090030
0 0.197449 0.505740 0.087430 0.090232
0 0.196054 0.424169 0.094472 0.107150
0 0.194193 0.338469 0.085969 0.094461
0 0.193330 0.249950 0.088227 0.100302
0 0.195124 0.176636 0.092347 0.100302
0 0.191935 0.091037 0.086766 0.102719
0 0.287537 0.091138 0.090619 0.099698
0 0.289596 0.170695 0.089955 0.094461
0 0.289928 0.253072 0.086633 0.107351
0 0.294114 0.353172 0.086766 0.098087
0 0.296240 0.448036 0.097661 0.099698
0 0.299562 0.531319 0.102179 0.113595
0 0.296971 0.630816 0.082115 0.080967
0 0.300093 0.696173 0.085171 0.078348
0 0.299296 0.778046 0.099256 0.094663
0 0.303016 0.869688 0.104571 0.103122
0 0.391111 0.106647 0.118655 0.133938
0 0.392971 0.206949 0.116795 0.129104
0 0.394566 0.305438 0.110417 0.146022
0 0.402737 0.427090 0.111082 0.121853
0 0.406391 0.526586 0.101116 0.123464
0 0.408451 0.657503 0.106298 0.119839
0 0.405594 0.760524 0.103242 0.117221
0 0.406989 0.863948 0.107361 0.131118
0 0.497077 0.103827 0.098060 0.123867
0 0.491629 0.194965 0.064045 0.071702
0 0.493024 0.254582 0.069492 0.067271
0 0.491961 0.315307 0.066038 0.073917
0 0.492360 0.388620 0.064709 0.066667
0 0.492758 0.438268 0.064709 0.067674
0 0.494685 0.513394 0.068031 0.078550
0 0.495017 0.577341 0.067366 0.069084
0 0.497940 0.652769 0.060191 0.066062
0 0.497808 0.713998 0.058597 0.063646
0 0.496877 0.795065 0.060989 0.062638
0 0.500465 0.857301 0.062052 0.065055
0 0.566038 0.811581 0.076003 0.103726
0 0.563978 0.734038 0.070555 0.092447
0 0.564045 0.624874 0.080787 0.116616
0 0.567366 0.531722 0.076003 0.100705
0 0.571818 0.437462 0.070555 0.082578
0 0.572748 0.336254 0.086500 0.107351
0 0.572416 0.247633 0.078395 0.093656
0 0.576933 0.168681 0.067765 0.083182
0 0.578328 0.091339 0.067898 0.081571
0 0.699110 0.138469 0.175791 0.211682
0 0.696585 0.288419 0.189078 0.230816
0 0.699243 0.474018 0.181903 0.193958
0 0.696718 0.627090 0.195190 0.231017
0 0.703096 0.832830 0.186686 0.209869
0 0.880016 0.835448 0.195057 0.227996
0 0.880016 0.667372 0.185225 0.220544
0 0.880415 0.492044 0.184693 0.238469
0 0.883537 0.293756 0.192267 0.255589
0 0.883138 0.126788 0.163566 0.180262
