0 0.057197 0.196255 0.076222 0.068219
0 0.056528 0.365587 0.099198 0.082996
0 0.058169 0.457692 0.115123 0.107692
0 0.220703 0.214879 0.147216 0.169433
0 0.220034 0.412449 0.170192 0.183198
0 0.222283 0.647368 0.166910 0.175709
0 0.218818 0.859514 0.205932 0.229150
0 0.418125 0.868522 0.131169 0.140688
0 0.415937 0.681579 0.135546 0.141700
0 0.419341 0.488664 0.141381 0.148178
0 0.413931 0.292611 0.179188 0.175911
0 0.417092 0.092308 0.144663 0.154656
0 0.567469 0.094939 0.113786 0.123482
0 0.568442 0.287854 0.072210 0.087449
0 0.567165 0.457186 0.077437 0.085223
0 0.568442 0.545142 0.120836 0.148178
0 0.563944 0.764069 0.120836 0.115182
0 0.568745 0.921255 0.102480 0.092713
0 0.691648 0.921154 0.070387 0.079960
0 0.689703 0.790688 0.070387 0.080972
0 0.695113 0.614372 0.104303 0.088259
0 0.692864 0.457794 0.065281 0.062955
0 0.692560 0.344838 0.061999 0.071457
0 0.692560 0.219636 0.091417 0.091498
0 0.692560 0.083300 0.079990 0.091700
0 0.819232 0.078441 0.069779 0.086437
0 0.820873 0.189271 0.061391 0.075709
0 0.822453 0.297976 0.057014 0.060729
0 0.820143 0.418320 0.088378 0.094939
0 0.818928 0.544028 0.066496 0.064980
0 0.820873 0.663866 0.075492 0.074696
0 0.816071 0.814676 0.050571 0.047976
0 0.818259 0.959109 0.053732 0.048988
0 0.945295 0.119433 0.041575 0.046964
0 0.945903 0.267915 0.056893 0.073482
