0 0.300865 0.123210 0.052700 0.101236
0 0.412068 0.242005 0.102676 0.349814
0 0.505566 0.277516 0.086926 0.261526
0 0.620737 0.231116 0.102676 0.395527
0 0.728624 0.292721 0.073780 0.226800
0 0.849360 0.186384 0.075557 0.229939
0 0.934510 0.204434 0.059214 0.172258
0 0.890514 0.567883 0.102676 0.321562
0 0.926634 0.890033 0.063122 0.183049
0 0.816497 0.895527 0.073070 0.202668
0 0.721045 0.633902 0.095334 0.302923
0 0.680306 0.907397 0.051990 0.156955
0 0.564128 0.592407 0.157864 0.194036
0 0.561878 0.847459 0.080886 0.213655
0 0.442977 0.876398 0.053884 0.142829
0 0.422904 0.679125 0.074372 0.236414
0 0.303825 0.602217 0.120441 0.124191
0 0.277830 0.733078 0.067030 0.119874
0 0.337044 0.731411 0.051397 0.142829
0 0.303174 0.921621 0.029607 0.069649
0 0.275521 0.470375 0.050568 0.135178
0 0.331774 0.459486 0.034225 0.089464
0 0.303470 0.288307 0.039436 0.111242
0 0.177819 0.232195 0.050095 0.105748
0 0.147264 0.386992 0.033515 0.077497
0 0.194576 0.388071 0.041450 0.083971
0 0.151468 0.555425 0.044766 0.098097
0 0.199550 0.550520 0.032923 0.092603
0 0.149574 0.708064 0.026291 0.074161
0 0.206774 0.705807 0.025107 0.067687
0 0.154192 0.857269 0.035528 0.084952
0 0.204761 0.854032 0.032923 0.078478
0 0.054477 0.907985 0.022975 0.060035
0 0.049207 0.710712 0.033515 0.081813
0 0.050865 0.546106 0.039436 0.090445
0 0.050865 0.394644 0.031620 0.073180
0 0.078813 0.244752 0.025699 0.073965
0 0.027120 0.247499 0.035528 0.079459
