0 0.053328 0.114521 0.089020 0.069795
0 0.056529 0.186823 0.086484 0.087645
0 0.053932 0.307160 0.100374 0.087645
0 0.052965 0.374248 0.096026 0.088648
0 0.056831 0.497694 0.101099 0.099278
0 0.060756 0.629663 0.121271 0.105696
0 0.058099 0.720517 0.114990 0.099278
0 0.057133 0.847172 0.100495 0.097072
0 0.171881 0.926795 0.066675 0.060168
0 0.170310 0.765343 0.086484 0.075010
0 0.170914 0.644906 0.096630 0.104493
0 0.168378 0.565283 0.095422 0.084436
0 0.166445 0.455475 0.097838 0.095066
0 0.170914 0.336241 0.102911 0.090854
0 0.168680 0.261332 0.101099 0.095066
0 0.165841 0.155636 0.095422 0.088648
0 0.167049 0.079623 0.096630 0.088648
0 0.285059 0.098676 0.080686 0.065383
0 0.280287 0.172082 0.078874 0.075010
0 0.280891 0.260229 0.082739 0.067589
0 0.281254 0.338347 0.082015 0.080225
0 0.280589 0.428099 0.085759 0.076013
0 0.278355 0.492980 0.095301 0.077016
0 0.284394 0.659747 0.106172 0.096069
0 0.285361 0.770558 0.104240 0.085439
0 0.282824 0.916867 0.104240 0.107702
0 0.394009 0.932611 0.101703 0.080225
0 0.394673 0.864521 0.090228 0.079222
0 0.394734 0.753209 0.105568 0.084436
0 0.391835 0.671881 0.107501 0.090654
0 0.394975 0.564781 0.108709 0.100281
0 0.393767 0.484055 0.107501 0.101284
0 0.392801 0.333032 0.082619 0.099278
0 0.392499 0.265945 0.068003 0.077016
0 0.393103 0.170477 0.073076 0.073807
0 0.391231 0.110810 0.065467 0.057962
0 0.506583 0.093361 0.102911 0.101284
0 0.506583 0.178901 0.099287 0.097072
0 0.504046 0.288708 0.114507 0.107702
0 0.505677 0.368833 0.117526 0.088648
0 0.506583 0.481849 0.125861 0.114120
0 0.506885 0.637084 0.085880 0.099278
0 0.505315 0.708383 0.076217 0.083434
0 0.503744 0.804352 0.073076 0.081227
0 0.504348 0.952066 0.094818 0.091857
0 0.618795 0.037304 0.098563 0.074208
0 0.617828 0.146711 0.076338 0.066386
0 0.616560 0.219615 0.080082 0.068592
0 0.617224 0.365223 0.106776 0.093863
0 0.616862 0.490874 0.093490 0.096069
0 0.616560 0.640193 0.087813 0.088648
0 0.616258 0.716205 0.088416 0.080225
0 0.616198 0.813879 0.068003 0.073004
0 0.616862 0.877657 0.079478 0.071801
0 0.613057 0.964300 0.070661 0.067389
0 0.727141 0.941035 0.082619 0.078219
0 0.732274 0.787505 0.080082 0.081227
0 0.731308 0.716807 0.080807 0.077016
0 0.727805 0.615423 0.085155 0.072804
0 0.726537 0.544826 0.076338 0.079222
0 0.724967 0.443341 0.088416 0.094063
0 0.727201 0.345768 0.073801 0.071801
0 0.727081 0.234958 0.089020 0.084436
0 0.727805 0.169976 0.082739 0.074809
0 0.728047 0.062776 0.087088 0.088648
0 0.841950 0.042820 0.080807 0.084436
0 0.838386 0.148817 0.076338 0.077016
0 0.841587 0.214300 0.075009 0.068793
0 0.840017 0.364721 0.088296 0.088849
0 0.839715 0.438628 0.082619 0.082230
0 0.840681 0.538809 0.079478 0.076013
0 0.839353 0.603791 0.079478 0.081227
0 0.841587 0.751604 0.075009 0.079222
0 0.842191 0.846570 0.069936 0.070598
0 0.853062 0.961091 0.068728 0.069795
0 0.948061 0.902527 0.069332 0.070598
0 0.949994 0.760529 0.090832 0.082230
0 0.952229 0.660249 0.086363 0.078219
0 0.949994 0.572102 0.085759 0.098075
0 0.949994 0.446049 0.076821 0.088648
0 0.950598 0.373145 0.074405 0.082431
0 0.951927 0.253911 0.088416 0.097072
0 0.951262 0.170477 0.078150 0.086643
0 0.953799 0.060770 0.087088 0.071801
