0 0.026731 0.135519 0.009478 0.015591
0 0.401397 0.471517 0.047266 0.116730
0 0.460450 0.481011 0.043864 0.122127
0 0.433111 0.118929 0.101215 0.117529
0 0.393985 0.247252 0.041920 0.109934
0 0.432139 0.261143 0.022236 0.137717
0 0.471932 0.253848 0.035723 0.107535
0 0.302491 0.672497 0.037060 0.107735
0 0.434508 0.690885 0.041798 0.117729
0 0.302491 0.885669 0.034386 0.109934
0 0.437910 0.858485 0.036452 0.073156
0 0.302187 0.081751 0.021628 0.054367
0 0.303159 0.178893 0.020899 0.046772
0 0.265735 0.286628 0.024301 0.064361
0 0.291738 0.286628 0.023572 0.055567
0 0.319077 0.295423 0.018955 0.075555
0 0.144897 0.077254 0.020292 0.040975
0 0.173937 0.075055 0.016160 0.043374
0 0.173937 0.182790 0.016160 0.027783
0 0.144228 0.288227 0.021628 0.054367
0 0.166829 0.285529 0.018226 0.048971
0 0.187789 0.288827 0.016889 0.059964
0 0.178311 0.402059 0.024909 0.062163
0 0.152977 0.499200 0.012151 0.043374
0 0.199575 0.500400 0.020292 0.038977
0 0.177643 0.595842 0.014095 0.038777
0 0.175273 0.698581 0.022965 0.059964
0 0.176610 0.814711 0.014945 0.049970
0 0.177582 0.914052 0.019563 0.044373
0 0.048724 0.775735 0.011422 0.034379
0 0.046659 0.881871 0.012880 0.035579
0 0.045322 0.678593 0.008748 0.022387
0 0.052309 0.677294 0.005711 0.015791
0 0.048360 0.580152 0.006561 0.014191
0 0.050122 0.495503 0.005711 0.013592
0 0.051033 0.407456 0.003888 0.015791
0 0.028858 0.310614 0.004010 0.006396
0 0.049028 0.310314 0.002552 0.006996
0 0.071567 0.308115 0.004374 0.008595
0 0.071567 0.134020 0.006075 0.015791
0 0.024727 0.221467 0.005225 0.011993
0 0.070960 0.223566 0.005589 0.010594
0 0.564095 0.127224 0.020292 0.043374
0 0.533050 0.251049 0.028433 0.051169
0 0.586330 0.254947 0.032442 0.058965
0 0.564399 0.372077 0.011422 0.026584
0 0.562090 0.475914 0.017497 0.041175
0 0.565796 0.580252 0.023694 0.045573
0 0.565796 0.677494 0.024909 0.048971
0 0.561725 0.764042 0.007533 0.017789
0 0.558019 0.851289 0.008141 0.016790
0 0.567801 0.851289 0.006075 0.016790
0 0.536087 0.937238 0.006075 0.019988
0 0.563123 0.940136 0.007412 0.020987
0 0.590036 0.941235 0.008748 0.021187
0 0.695808 0.141515 0.002552 0.006396
0 0.665857 0.337697 0.002187 0.007396
0 0.714642 0.337697 0.003281 0.006196
0 0.668104 0.519988 0.002552 0.006196
0 0.715978 0.517390 0.001580 0.005797
0 0.695504 0.651609 0.001944 0.005197
0 0.816586 0.913552 0.003281 0.007396
0 0.794411 0.744653 0.008019 0.016990
0 0.838275 0.744853 0.007290 0.018589
0 0.919502 0.913252 0.006683 0.023986
0 0.964945 0.916750 0.008870 0.018589
0 0.941738 0.806316 0.021993 0.040376
0 0.942163 0.715171 0.004860 0.009594
0 0.941859 0.627324 0.004253 0.010993
0 0.943013 0.545173 0.012394 0.024985
0 0.845747 0.552169 0.004253 0.010993
0 0.816525 0.553168 0.004860 0.011393
0 0.786513 0.549470 0.004374 0.008795
0 0.922175 0.444233 0.004253 0.011393
0 0.969745 0.448031 0.004131 0.011393
0 0.947145 0.348191 0.008019 0.017989
0 0.814945 0.370078 0.004617 0.007795
0 0.820595 0.369378 0.003767 0.007196
0 0.922843 0.251249 0.005103 0.012792
0 0.968165 0.252049 0.005589 0.011593
0 0.968469 0.147312 0.007898 0.020788
0 0.923390 0.149810 0.006926 0.020987
0 0.818104 0.148511 0.002673 0.008795
0 0.817497 0.251749 0.001701 0.006596
0 0.817861 0.258945 0.002430 0.004597
