0 0.055698 0.154875 0.108709 0.126900
0 0.057286 0.291912 0.105533 0.104602
0 0.067241 0.464221 0.108587 0.133387
0 0.064981 0.641293 0.111885 0.129130
0 0.062721 0.767788 0.102235 0.117373
0 0.066630 0.929353 0.101014 0.114129
0 0.201967 0.941618 0.071943 0.083114
0 0.204165 0.813197 0.072676 0.073586
0 0.203554 0.716400 0.072676 0.098115
0 0.202944 0.621022 0.073898 0.088587
0 0.202883 0.402291 0.094540 0.112102
0 0.199646 0.257754 0.098327 0.117373
0 0.200318 0.100345 0.091853 0.103385
0 0.394161 0.178796 0.191523 0.202716
0 0.393184 0.386276 0.192256 0.197243
0 0.400269 0.687715 0.142177 0.164403
0 0.397704 0.888303 0.135581 0.155686
0 0.617870 0.104095 0.137657 0.153456
0 0.621778 0.269917 0.138879 0.137644
0 0.622695 0.489763 0.102113 0.107845
0 0.621412 0.667951 0.098327 0.118386
0 0.617259 0.782688 0.086112 0.106629
0 0.614328 0.903203 0.082936 0.102372
0 0.790766 0.926211 0.127275 0.133387
0 0.796262 0.767180 0.085501 0.095074
0 0.788873 0.652544 0.101502 0.115143
0 0.788873 0.526556 0.091242 0.117373
0 0.789483 0.354855 0.095151 0.110886
0 0.794003 0.175046 0.084891 0.103588
0 0.789544 0.064058 0.093807 0.118386
0 0.935141 0.122238 0.090631 0.119603
0 0.935141 0.229374 0.074020 0.105615
0 0.940271 0.420434 0.096983 0.118386
0 0.945462 0.536185 0.082936 0.102574
0 0.947356 0.636529 0.079150 0.091628
0 0.943752 0.730286 0.075852 0.100345
0 0.931904 0.833367 0.081715 0.099331
0 0.934469 0.940097 0.091975 0.097101
