0 0.073926 0.168525 0.113962 0.171412
0 0.072255 0.415787 0.123986 0.168226
0 0.073270 0.695501 0.135322 0.181366
0 0.073568 0.893589 0.145227 0.192514
0 0.230728 0.176886 0.145227 0.170217
0 0.234010 0.352678 0.143914 0.181366
0 0.233055 0.597651 0.068974 0.105116
0 0.234368 0.773044 0.064916 0.099542
0 0.237053 0.938483 0.084845 0.123034
0 0.388842 0.155286 0.135203 0.149313
0 0.388842 0.307286 0.149761 0.161457
0 0.388484 0.473323 0.150477 0.152698
0 0.388186 0.725463 0.135322 0.190325
0 0.390155 0.904141 0.128520 0.167032
0 0.547315 0.885228 0.119451 0.180171
0 0.547673 0.634780 0.121360 0.196894
0 0.548091 0.391400 0.107399 0.159267
0 0.546778 0.161855 0.107399 0.149313
0 0.704177 0.198387 0.127924 0.202469
0 0.699523 0.485467 0.130549 0.196894
0 0.702208 0.794047 0.130668 0.190125
0 0.846062 0.193410 0.097375 0.097352
0 0.942184 0.191818 0.085561 0.096158
0 0.847673 0.287478 0.096778 0.103922
0 0.943854 0.283595 0.108711 0.102927
0 0.846718 0.385825 0.100119 0.103922
0 0.949045 0.381445 0.101909 0.106311
0 0.842422 0.575055 0.090095 0.092972
0 0.935919 0.568385 0.090215 0.092773
0 0.839439 0.654091 0.078878 0.080629
0 0.935263 0.645829 0.094153 0.095162
0 0.838723 0.731535 0.090811 0.111686
0 0.933890 0.728151 0.092840 0.102927
0 0.841408 0.817241 0.094749 0.097153
0 0.932279 0.810074 0.088186 0.098348
0 0.842422 0.910611 0.091527 0.109496
0 0.935263 0.897969 0.091527 0.110492
