0 0.121040 0.236574 0.133011 0.248576
0 0.289238 0.212978 0.083918 0.149308
0 0.498972 0.253560 0.195526 0.271155
0 0.706892 0.237185 0.094075 0.202197
0 0.874184 0.236066 0.122249 0.199959
0 0.188936 0.549024 0.129021 0.209113
0 0.499274 0.554109 0.190810 0.228234
0 0.802600 0.541701 0.116203 0.183076
0 0.886215 0.559805 0.030955 0.094793
0 0.890568 0.810618 0.032890 0.101709
0 0.799577 0.817433 0.112817 0.153580
0 0.495284 0.816416 0.147763 0.185313
0 0.193652 0.813568 0.129021 0.170667
0 0.085792 0.797193 0.043652 0.117575
