0 0.157705 0.560819 0.118369 0.037503
0 0.154998 0.187515 0.103573 0.033062
0 0.282750 0.182581 0.111512 0.036516
0 0.374053 0.149149 0.096355 0.037256
0 0.513713 0.204910 0.115121 0.032815
0 0.647059 0.194917 0.099603 0.035529
0 0.816131 0.161115 0.120895 0.031088
0 0.165283 0.361584 0.108986 0.032815
0 0.307470 0.352702 0.108986 0.042684
0 0.430530 0.370220 0.108986 0.034789
0 0.587874 0.356156 0.117647 0.043671
0 0.745579 0.374661 0.105377 0.031335
0 0.865933 0.392055 0.118730 0.029608
0 0.299892 0.551320 0.088055 0.028374
0 0.416456 0.538860 0.108986 0.041944
0 0.557741 0.556378 0.074702 0.037010
0 0.680801 0.556008 0.109347 0.033309
0 0.818477 0.549223 0.119091 0.037997
0 0.181884 0.875894 0.106099 0.036023
0 0.376940 0.886751 0.103573 0.031582
0 0.589318 0.874907 0.106821 0.037010
