0 0.049314 0.153824 0.007185 0.019699
0 0.073481 0.167874 0.006314 0.015353
0 0.094056 0.165411 0.006096 0.017381
0 0.116373 0.167584 0.005879 0.018830
0 0.135532 0.164253 0.006314 0.013905
0 0.154256 0.166280 0.006749 0.017381
0 0.173307 0.165846 0.005225 0.014774
0 0.056390 0.593424 0.004790 0.008980
0 0.070651 0.595162 0.004137 0.008401
0 0.220553 0.163528 0.006096 0.014195
0 0.235467 0.163963 0.004572 0.011587
0 0.251687 0.160921 0.005225 0.011298
0 0.267799 0.158604 0.005225 0.012457
0 0.287285 0.155272 0.004572 0.012746
0 0.305356 0.152955 0.005008 0.013326
0 0.318855 0.152520 0.005443 0.011877
0 0.334095 0.152231 0.006314 0.014195
0 0.349118 0.154258 0.004572 0.013036
0 0.362508 0.152665 0.004354 0.013326
0 0.376225 0.154693 0.004790 0.012167
0 0.407794 0.151651 0.005225 0.012457
0 0.227738 0.234067 0.005661 0.013326
0 0.249075 0.228563 0.005661 0.011587
0 0.271609 0.226246 0.005443 0.013326
0 0.293708 0.220162 0.005225 0.012167
0 0.312105 0.222045 0.005008 0.011298
0 0.334531 0.225666 0.004572 0.013326
0 0.360222 0.228708 0.005879 0.012457
0 0.381559 0.230881 0.005008 0.012167
0 0.231330 0.311269 0.005443 0.011877
0 0.253103 0.301999 0.004572 0.010718
0 0.283584 0.305620 0.005008 0.013326
0 0.305029 0.307648 0.004354 0.013326
0 0.324624 0.295626 0.004790 0.010718
0 0.341607 0.306489 0.004790 0.012167
0 0.355650 0.297074 0.004572 0.012457
0 0.366209 0.292729 0.005661 0.014195
0 0.387220 0.300550 0.006749 0.011877
0 0.220226 0.372972 0.004572 0.011298
0 0.241999 0.367468 0.004572 0.011298
0 0.405944 0.583285 0.003701 0.010139
0 0.419225 0.581402 0.004137 0.009849
0 0.434792 0.579664 0.004790 0.009270
0 0.448291 0.588644 0.005225 0.008691
0 0.468104 0.586472 0.003919 0.010139
0 0.486937 0.584444 0.003701 0.007822
0 0.504681 0.586761 0.004354 0.010139
0 0.523405 0.583720 0.004790 0.009270
0 0.539626 0.592121 0.004137 0.008111
0 0.559983 0.590962 0.004354 0.012167
0 0.411496 0.662225 0.004354 0.011008
0 0.430438 0.659473 0.004790 0.010139
0 0.453298 0.658749 0.005225 0.012746
0 0.476159 0.660052 0.004790 0.011877
0 0.497932 0.663384 0.004790 0.009849
0 0.518180 0.659907 0.004790 0.012167
0 0.542347 0.661066 0.004354 0.012167
0 0.564446 0.659328 0.004137 0.011587
0 0.411496 0.733778 0.003484 0.010429
0 0.432724 0.728853 0.004137 0.010429
0 0.457109 0.726101 0.004572 0.009560
0 0.481711 0.724942 0.004572 0.012457
0 0.501089 0.730881 0.004572 0.011008
0 0.525038 0.726825 0.004572 0.012746
0 0.545831 0.733633 0.004790 0.011877
0 0.565317 0.732184 0.005008 0.011877
0 0.597866 0.583720 0.003484 0.008111
0 0.617461 0.587486 0.003919 0.008111
0 0.637274 0.587775 0.003484 0.009849
0 0.656216 0.589224 0.003484 0.008691
0 0.797953 0.136877 0.005225 0.010718
0 0.856085 0.135429 0.004354 0.008401
0 0.793708 0.275782 0.004572 0.010429
0 0.787285 0.403389 0.007403 0.022885
