0 0.091639 0.216075 0.040553 0.116910
0 0.130020 0.222686 0.036208 0.102296
0 0.157604 0.217815 0.028703 0.116214
0 0.194207 0.221120 0.039500 0.129436
0 0.228769 0.223730 0.024621 0.104384
0 0.252666 0.210769 0.026333 0.119520
0 0.256353 0.091684 0.022120 0.055324
0 0.279394 0.178671 0.023963 0.051148
0 0.307373 0.121608 0.025411 0.084899
0 0.339434 0.117258 0.025543 0.076200
0 0.380184 0.110125 0.029625 0.070633
0 0.413496 0.128653 0.035418 0.111865
0 0.453851 0.120477 0.025543 0.076026
0 0.490454 0.109081 0.032916 0.081420
0 0.071626 0.381437 0.060829 0.132742
0 0.115273 0.378740 0.029625 0.098817
0 0.140685 0.372738 0.029625 0.091336
0 0.165043 0.380393 0.028835 0.084725
0 0.192956 0.375435 0.023831 0.085943
0 0.228374 0.377610 0.055168 0.127175
0 0.259645 0.380915 0.051876 0.135873
0 0.062541 0.538535 0.024753 0.081594
0 0.103292 0.534795 0.040421 0.119694
0 0.140290 0.517919 0.048585 0.127349
0 0.185188 0.517310 0.049375 0.126131
0 0.225082 0.521660 0.042001 0.108733
0 0.259645 0.521747 0.043713 0.119694
0 0.063002 0.658142 0.030415 0.112039
0 0.102041 0.654923 0.032916 0.109777
0 0.152271 0.645703 0.028045 0.091336
0 0.120408 0.677192 0.024358 0.054802
0 0.190783 0.653097 0.032390 0.121781
0 0.239368 0.649008 0.064779 0.133786
0 0.064121 0.769833 0.026333 0.084899
0 0.096313 0.765136 0.028835 0.076896
0 0.120671 0.776531 0.023831 0.090292
0 0.151020 0.772530 0.024753 0.099687
0 0.186175 0.782620 0.033443 0.091684
0 0.221659 0.776531 0.029361 0.098295
0 0.245227 0.780184 0.016722 0.064196
0 0.272877 0.785230 0.023305 0.069068
0 0.262475 0.903010 0.049111 0.109081
0 0.231073 0.881263 0.027913 0.092380
0 0.194075 0.877610 0.027913 0.066284
0 0.160105 0.894572 0.020803 0.070981
0 0.125214 0.885003 0.047136 0.113083
0 0.099868 0.891614 0.033838 0.113083
0 0.061619 0.889353 0.034496 0.121781
0 0.304213 0.897008 0.018302 0.067502
0 0.347531 0.904315 0.018828 0.073069
0 0.375576 0.909360 0.022251 0.074809
0 0.410533 0.905967 0.014220 0.056193
0 0.447531 0.901966 0.021330 0.057585
0 0.480184 0.906663 0.035023 0.096207
0 0.517380 0.877610 0.042528 0.099687
0 0.498947 0.793319 0.033838 0.095685
0 0.467544 0.801670 0.025806 0.078984
0 0.432851 0.787491 0.030415 0.125783
0 0.392232 0.798887 0.026333 0.091162
0 0.348980 0.805585 0.029888 0.090988
0 0.310336 0.808020 0.027386 0.099687
0 0.295392 0.687891 0.028835 0.094990
0 0.332851 0.704593 0.032916 0.089770
0 0.370309 0.695546 0.025938 0.084899
0 0.401909 0.698939 0.030415 0.101079
0 0.442923 0.691545 0.032390 0.091510
0 0.484463 0.693894 0.029361 0.076374
0 0.306188 0.258351 0.036471 0.096381
0 0.341738 0.268963 0.022251 0.069589
0 0.373338 0.269050 0.028835 0.092380
0 0.404213 0.262352 0.020803 0.102992
0 0.439171 0.267919 0.035945 0.105080
0 0.464450 0.271051 0.022778 0.088379
0 0.484727 0.263309 0.024885 0.082289
0 0.541475 0.159969 0.018828 0.074983
0 0.600724 0.155967 0.070441 0.082985
0 0.634365 0.165275 0.013167 0.057411
0 0.489072 0.379088 0.038578 0.122477
0 0.446280 0.376044 0.036998 0.097599
0 0.413562 0.373434 0.026333 0.092380
0 0.382423 0.375435 0.021725 0.068198
0 0.354641 0.375348 0.029888 0.084377
0 0.326267 0.374043 0.024753 0.072373
0 0.292561 0.369346 0.015273 0.070981
0 0.296643 0.499217 0.032390 0.066980
0 0.329559 0.485125 0.033443 0.095164
0 0.349506 0.486778 0.023831 0.081072
0 0.373864 0.479732 0.034891 0.089596
0 0.404279 0.483125 0.023831 0.070981
0 0.427781 0.487735 0.032390 0.090988
0 0.462212 0.484429 0.032521 0.082985
0 0.492363 0.475731 0.020671 0.080202
0 0.494141 0.583768 0.027386 0.083681
0 0.461949 0.588814 0.028835 0.076374
0 0.422449 0.584812 0.027781 0.089596
0 0.394865 0.588466 0.028440 0.091684
0 0.366491 0.579506 0.022251 0.093598
0 0.330020 0.584116 0.024358 0.082985
0 0.292824 0.583159 0.027913 0.073069
0 0.777222 0.245390 0.025543 0.089248
0 0.810797 0.741736 0.032390 0.079854
