0 0.065122 0.105077 0.098811 0.103024
0 0.068061 0.216592 0.103594 0.104703
0 0.067241 0.328947 0.103048 0.106943
0 0.066011 0.438037 0.096214 0.099664
0 0.066967 0.551045 0.096214 0.098358
0 0.064507 0.658921 0.104414 0.108063
0 0.065396 0.777156 0.113571 0.111236
0 0.065737 0.883632 0.096214 0.097238
0 0.172680 0.885778 0.090884 0.096678
0 0.173363 0.778462 0.098538 0.102277
0 0.172270 0.659668 0.100178 0.104330
0 0.171723 0.552912 0.093891 0.097611
0 0.172680 0.442703 0.104551 0.109742
0 0.175072 0.331654 0.102501 0.104517
0 0.174388 0.216405 0.091294 0.094998
0 0.173978 0.106196 0.101954 0.105263
0 0.280784 0.108156 0.098538 0.106943
0 0.282288 0.218552 0.087331 0.090705
0 0.280579 0.324468 0.095941 0.095745
0 0.278188 0.439623 0.100724 0.108809
0 0.277368 0.550952 0.091704 0.091452
0 0.279144 0.661068 0.100451 0.103770
0 0.278871 0.775756 0.100451 0.105450
0 0.277573 0.883445 0.101954 0.097611
0 0.387454 0.886338 0.095668 0.091079
0 0.387386 0.774543 0.105098 0.104517
0 0.388821 0.665080 0.101681 0.100224
0 0.386976 0.552725 0.104824 0.099477
0 0.387112 0.437103 0.099358 0.091452
0 0.389504 0.330347 0.103594 0.104890
0 0.386361 0.220885 0.097308 0.096865
0 0.388616 0.108063 0.105918 0.103024
0 0.496993 0.106196 0.101544 0.100784
0 0.497813 0.220045 0.104551 0.100784
0 0.498018 0.327454 0.089928 0.086786
0 0.494875 0.437663 0.088834 0.084733
0 0.497472 0.553565 0.095668 0.101157
0 0.478201 0.659574 0.062867 0.092572
0 0.496242 0.769504 0.096214 0.094438
0 0.497335 0.883445 0.102774 0.114782
0 0.605029 0.772956 0.093481 0.109183
0 0.603321 0.666480 0.092251 0.100784
0 0.604893 0.552165 0.090201 0.096118
0 0.601339 0.444289 0.090474 0.098731
0 0.605234 0.330534 0.091978 0.101530
0 0.604483 0.221818 0.093481 0.100971
0 0.606738 0.111049 0.094438 0.099664
0 0.711015 0.114315 0.091704 0.098358
0 0.714227 0.225737 0.098128 0.094998
0 0.714569 0.334640 0.093071 0.095558
0 0.712382 0.446995 0.099631 0.104890
0 0.715662 0.555431 0.101544 0.099664
0 0.712792 0.664147 0.094164 0.103957
0 0.712724 0.776689 0.095668 0.098731
0 0.715662 0.890258 0.094711 0.099664
0 0.820282 0.891564 0.107694 0.112355
0 0.820555 0.780982 0.101408 0.105077
0 0.820760 0.664147 0.099904 0.104703
0 0.820418 0.554498 0.093754 0.109369
0 0.822468 0.443542 0.101681 0.106570
0 0.821785 0.333613 0.095668 0.103957
0 0.820692 0.227230 0.095394 0.098731
0 0.818163 0.111609 0.094164 0.095185
0 0.932008 0.112169 0.099904 0.109742
0 0.929889 0.224617 0.100861 0.107316
0 0.929889 0.333427 0.107694 0.104330
0 0.929479 0.446155 0.093754 0.098731
0 0.931051 0.555898 0.096351 0.097984
0 0.928796 0.663960 0.107148 0.113662
0 0.929616 0.774356 0.102501 0.110489
0 0.931598 0.885685 0.114391 0.117021
