0 0.181095 0.155152 0.097692 0.093905
0 0.270417 0.144729 0.080952 0.099265
0 0.226235 0.226822 0.082985 0.074052
0 0.226235 0.349811 0.080354 0.079412
0 0.195982 0.462875 0.033242 0.047449
0 0.245546 0.463470 0.043166 0.046258
0 0.202021 0.559956 0.034557 0.038714
0 0.249133 0.559956 0.037188 0.038714
0 0.180438 0.732579 0.047112 0.068295
0 0.227251 0.738634 0.033122 0.098273
0 0.281418 0.734167 0.073777 0.076236
0 0.188031 0.872642 0.022600 0.061743
0 0.230599 0.881477 0.022600 0.108001
0 0.275439 0.870359 0.040536 0.059559
0 0.049205 0.255509 0.026665 0.023030
0 0.098350 0.249950 0.022600 0.018662
0 0.050161 0.343756 0.031209 0.036331
0 0.102356 0.340977 0.031807 0.026405
0 0.052553 0.442426 0.025230 0.028787
0 0.101040 0.440739 0.029176 0.034147
0 0.082805 0.534544 0.028578 0.034346
0 0.048846 0.626663 0.040536 0.037522
0 0.085436 0.627159 0.031209 0.034147
0 0.122982 0.628350 0.039818 0.038515
0 0.090039 0.794918 0.020567 0.025412
0 0.085496 0.897558 0.096377 0.089339
0 0.372055 0.114255 0.057037 0.071670
0 0.372713 0.209748 0.027980 0.035140
0 0.374028 0.377407 0.059787 0.055192
0 0.373371 0.470022 0.025230 0.028787
0 0.334509 0.558765 0.016621 0.043081
0 0.412472 0.562537 0.020926 0.027596
0 0.379051 0.538614 0.040177 0.025015
0 0.374327 0.558765 0.045319 0.032758
0 0.374507 0.704487 0.045677 0.040302
0 0.349516 0.779531 0.033959 0.038714
0 0.397943 0.781616 0.033959 0.030177
0 0.352924 0.862021 0.008251 0.016677
0 0.400813 0.869168 0.011957 0.018265
0 0.357348 0.949474 0.011360 0.022434
0 0.402846 0.945702 0.009088 0.015684
0 0.572940 0.228311 0.017099 0.042486
0 0.612998 0.235954 0.011360 0.041890
0 0.590279 0.467937 0.104628 0.153266
0 0.526545 0.520746 0.076408 0.108001
0 0.641098 0.522434 0.074495 0.111376
0 0.533182 0.677983 0.082985 0.089339
0 0.642413 0.685726 0.087648 0.113560
0 0.590936 0.728112 0.041851 0.068493
0 0.590637 0.862120 0.079756 0.095890
0 0.759656 0.724340 0.041851 0.051817
0 0.791881 0.720369 0.019969 0.041890
0 0.831101 0.724836 0.039818 0.050824
0 0.759656 0.534544 0.036590 0.058567
0 0.768982 0.409867 0.011240 0.027596
0 0.817769 0.397856 0.038503 0.054000
0 0.829427 0.532261 0.036470 0.049633
0 0.757683 0.164483 0.081669 0.169744
0 0.832775 0.143041 0.049862 0.100258
0 0.911515 0.247767 0.009327 0.021044
0 0.949958 0.252730 0.013273 0.019853
0 0.899199 0.365198 0.008609 0.017669
0 0.929690 0.366389 0.017936 0.030772
0 0.957312 0.363609 0.010523 0.020846
0 0.927418 0.507048 0.034437 0.045265
0 0.926103 0.661406 0.054526 0.067302
