0 0.078855 0.175641 0.002415 0.003974
0 0.077285 0.446354 0.003140 0.007749
0 0.005011 0.653189 0.003985 0.011723
0 0.033450 0.653388 0.006521 0.008146
0 0.060862 0.654282 0.006279 0.010729
0 0.090267 0.653984 0.004951 0.010133
0 0.115988 0.652196 0.003744 0.008544
0 0.141529 0.649811 0.004106 0.006159
0 0.143280 0.714782 0.006159 0.009736
0 0.117860 0.721439 0.006279 0.010729
0 0.087188 0.716273 0.005555 0.012716
0 0.059896 0.707928 0.004347 0.011127
0 0.031941 0.711802 0.005193 0.011723
0 0.002053 0.710511 0.002415 0.007153
0 0.005011 0.780052 0.005917 0.014703
0 0.030250 0.774687 0.004951 0.012319
0 0.056817 0.772899 0.003744 0.006755
0 0.084893 0.777171 0.003381 0.006159
0 0.107475 0.772700 0.003381 0.009140
0 0.071066 0.940691 0.002777 0.004570
0 0.249547 0.894099 0.016785 0.040532
0 0.250151 0.702265 0.010747 0.030399
0 0.221169 0.483708 0.035624 0.057421
0 0.273035 0.477946 0.026084 0.054242
0 0.247253 0.192033 0.015336 0.040731
0 0.396631 0.192529 0.016544 0.046096
0 0.443666 0.186668 0.022944 0.055434
0 0.396329 0.372343 0.022220 0.052454
0 0.446202 0.374925 0.015216 0.036559
0 0.367045 0.556924 0.033692 0.080668
0 0.404239 0.554242 0.031759 0.066958
0 0.443304 0.555832 0.026084 0.057421
0 0.478022 0.555931 0.035624 0.065965
0 0.365475 0.663521 0.032967 0.080469
0 0.405205 0.661037 0.028620 0.071131
0 0.368373 0.870554 0.018476 0.055434
0 0.407076 0.864296 0.031156 0.067952
0 0.443364 0.863799 0.029827 0.066958
0 0.478263 0.861216 0.029827 0.072124
0 0.586403 0.916054 0.017148 0.029207
0 0.588878 0.725214 0.022340 0.067952
0 0.590267 0.520962 0.022220 0.054441
0 0.590810 0.313233 0.014612 0.040731
0 0.563700 0.116730 0.020287 0.040731
0 0.619370 0.110471 0.015940 0.036559
0 0.758604 0.147526 0.015940 0.031194
0 0.758544 0.445063 0.057843 0.105702
0 0.752566 0.899364 0.057239 0.090006
0 0.929900 0.509835 0.022823 0.061593
0 0.907922 0.185078 0.019684 0.043910
0 0.953025 0.184184 0.026084 0.048083
