0 0.050785 0.153935 0.010462 0.028250
0 0.079010 0.158691 0.007629 0.020467
0 0.110288 0.167483 0.007847 0.023638
0 0.046861 0.239983 0.009154 0.023926
0 0.105711 0.235947 0.009154 0.025656
0 0.124019 0.237388 0.008282 0.020467
0 0.140039 0.235947 0.009808 0.022197
0 0.160527 0.232776 0.011116 0.021620
0 0.176003 0.232199 0.011116 0.022773
0 0.197581 0.226722 0.011116 0.023926
0 0.198017 0.156097 0.011116 0.024503
0 0.062881 0.320986 0.008065 0.022773
0 0.459677 0.168204 0.007847 0.015855
0 0.506975 0.166330 0.007411 0.017873
0 0.531168 0.160709 0.009590 0.020467
0 0.598409 0.149034 0.015039 0.034592
0 0.625436 0.141251 0.015039 0.032286
0 0.649303 0.144566 0.013514 0.043528
0 0.674695 0.136206 0.016347 0.040069
0 0.720466 0.131738 0.013731 0.032862
0 0.743025 0.136783 0.012642 0.034880
0 0.765693 0.140098 0.014821 0.034592
0 0.603422 0.214615 0.016783 0.037187
0 0.621949 0.210724 0.014167 0.034016
0 0.650828 0.216777 0.015257 0.040357
0 0.677637 0.217642 0.012206 0.036322
0 0.707280 0.207408 0.010898 0.037187
0 0.731909 0.228020 0.013949 0.040357
0 0.758609 0.208417 0.011552 0.028250
0 0.607454 0.303834 0.012206 0.035169
0 0.625000 0.299078 0.011116 0.034880
0 0.644289 0.294754 0.010898 0.031998
0 0.665541 0.295186 0.010244 0.030556
0 0.684394 0.286970 0.013078 0.044681
0 0.706953 0.289997 0.012424 0.040357
0 0.726569 0.294609 0.009808 0.043817
0 0.751853 0.297060 0.010680 0.040069
0 0.772341 0.289421 0.009372 0.041511
0 0.604185 0.368550 0.010462 0.033151
0 0.618897 0.363649 0.010244 0.034880
0 0.647450 0.363073 0.012424 0.043528
0 0.668592 0.358317 0.011988 0.034592
0 0.690170 0.355866 0.013731 0.038340
0 0.711421 0.371865 0.012642 0.047276
0 0.749019 0.353560 0.011116 0.033151
0 0.767546 0.358605 0.009808 0.038051
0 0.598518 0.439896 0.012642 0.039781
0 0.625218 0.439896 0.010680 0.036898
0 0.649520 0.436725 0.010462 0.035745
0 0.671425 0.437734 0.013731 0.045258
0 0.693112 0.429230 0.012642 0.035745
0 0.716325 0.437014 0.010680 0.034592
0 0.738775 0.438455 0.012860 0.039781
0 0.756539 0.441193 0.010462 0.036610
0 0.600480 0.507495 0.010898 0.037763
0 0.624455 0.508504 0.012642 0.038051
0 0.646687 0.512251 0.012642 0.043817
0 0.674804 0.501730 0.013949 0.042952
0 0.693766 0.505765 0.014821 0.038916
0 0.720466 0.502883 0.009808 0.037187
0 0.740192 0.503747 0.011334 0.036610
0 0.762860 0.505765 0.006975 0.040646
0 0.596774 0.575526 0.011334 0.040069
0 0.618025 0.577112 0.010680 0.034592
0 0.636879 0.563707 0.008718 0.036033
0 0.660636 0.571779 0.009590 0.033727
0 0.687446 0.565437 0.013949 0.042952
0 0.714255 0.564860 0.014821 0.041799
0 0.739102 0.566878 0.013949 0.045258
0 0.770052 0.590948 0.017001 0.039204
0 0.604403 0.630873 0.014385 0.031421
0 0.641674 0.637936 0.014821 0.040357
0 0.699433 0.643845 0.016129 0.035457
0 0.727768 0.645287 0.014821 0.038340
0 0.756103 0.655809 0.014385 0.043240
0 0.603422 0.744739 0.011988 0.036033
0 0.631866 0.727155 0.012642 0.043528
0 0.700632 0.725569 0.012424 0.043817
0 0.728422 0.744739 0.011334 0.039493
0 0.759372 0.750937 0.011770 0.039204
0 0.607127 0.815941 0.016347 0.043528
0 0.636225 0.825886 0.014821 0.035169
0 0.668374 0.817383 0.010244 0.038916
0 0.702594 0.808735 0.017655 0.039493
0 0.729621 0.815941 0.014603 0.046411
0 0.758282 0.813779 0.015693 0.038628
0 0.604948 0.886134 0.013731 0.042087
0 0.636988 0.877342 0.014603 0.038916
0 0.662925 0.889305 0.014167 0.047276
0 0.691369 0.882243 0.012206 0.034304
0 0.720031 0.878639 0.018963 0.042664
0 0.748038 0.875901 0.014385 0.037763
