0 0.086330 0.142096 0.133762 0.140384
0 0.215335 0.147327 0.129005 0.125737
0 0.364978 0.163211 0.120470 0.127830
0 0.486708 0.157409 0.088569 0.086551
0 0.082482 0.285239 0.135302 0.131063
0 0.216524 0.278391 0.139219 0.134107
0 0.086400 0.420582 0.141458 0.143808
0 0.217714 0.406315 0.125927 0.132014
0 0.083602 0.731786 0.137540 0.130112
0 0.222751 0.730169 0.143837 0.139433
0 0.085350 0.856002 0.132923 0.128971
0 0.224290 0.852768 0.132923 0.124786
0 0.365818 0.860186 0.084651 0.086741
0 0.372044 0.664162 0.084791 0.091877
0 0.374773 0.581225 0.082412 0.082366
0 0.370085 0.497717 0.080873 0.086551
0 0.577585 0.162165 0.083951 0.089975
0 0.685323 0.163687 0.087869 0.093019
0 0.486288 0.240441 0.086330 0.089785
0 0.581083 0.252996 0.083112 0.089785
0 0.685253 0.264219 0.086330 0.095111
0 0.484749 0.338121 0.084651 0.088834
0 0.572128 0.348678 0.083951 0.084459
0 0.684483 0.358760 0.081713 0.081415
0 0.482790 0.431615 0.079334 0.077230
0 0.571778 0.431139 0.081573 0.086551
0 0.480411 0.518832 0.088569 0.099486
0 0.569050 0.520354 0.083951 0.083508
0 0.483140 0.697451 0.090947 0.088834
0 0.572198 0.696975 0.088569 0.085600
0 0.481181 0.791992 0.087030 0.083508
0 0.681055 0.698497 0.085490 0.092829
0 0.797258 0.703253 0.108017 0.102340
0 0.910732 0.704775 0.112775 0.109949
0 0.911082 0.820525 0.107318 0.113182
0 0.796838 0.814723 0.101021 0.105764
0 0.804254 0.151607 0.101861 0.106905
0 0.911431 0.154841 0.101861 0.108807
0 0.806562 0.245672 0.092486 0.098345
0 0.909123 0.244531 0.098643 0.106715
0 0.808871 0.341259 0.108017 0.105764
0 0.909542 0.344969 0.099482 0.098345
0 0.803414 0.441221 0.097104 0.098345
0 0.900937 0.443789 0.108857 0.101579
0 0.801035 0.542134 0.090947 0.103481
0 0.901007 0.543751 0.093326 0.106715
