0 0.159116 0.185602 0.041252 0.040646
0 0.295028 0.192214 0.055249 0.048482
0 0.438858 0.182786 0.037937 0.052155
0 0.572192 0.168217 0.040884 0.052889
0 0.703315 0.169319 0.031308 0.051665
0 0.867772 0.170911 0.047882 0.047502
0 0.170718 0.350392 0.037201 0.050441
0 0.295764 0.356268 0.031676 0.047013
0 0.449355 0.343536 0.054512 0.065132
0 0.613444 0.339618 0.060773 0.048482
0 0.736648 0.344148 0.044199 0.047258
0 0.863352 0.352595 0.056722 0.056807
0 0.879926 0.495715 0.121547 0.034035
0 0.742357 0.494858 0.128545 0.038198
0 0.593186 0.513345 0.061510 0.045299
0 0.461878 0.527424 0.061878 0.047013
0 0.304052 0.512733 0.036464 0.041136
0 0.162615 0.525833 0.060773 0.035504
0 0.210129 0.693805 0.115285 0.053624
0 0.421547 0.663443 0.148435 0.050196
0 0.597053 0.670176 0.133333 0.048972
0 0.794475 0.671401 0.143646 0.043585
0 0.218048 0.802889 0.128913 0.041626
