0 0.087085 0.182367 0.065599 0.185588
0 0.065660 0.527275 0.052118 0.200282
0 0.080705 0.746578 0.158522 0.110709
0 0.100445 0.886272 0.175132 0.135266
0 0.202756 0.940620 0.161892 0.118760
0 0.372954 0.884058 0.062229 0.204509
0 0.364949 0.678241 0.047424 0.224839
0 0.414420 0.677738 0.042128 0.230274
0 0.462927 0.677134 0.062831 0.231481
0 0.199747 0.307568 0.043452 0.149758
0 0.238926 0.315922 0.048146 0.168881
0 0.283040 0.314815 0.052118 0.191224
0 0.205766 0.168378 0.038156 0.141908
0 0.239227 0.156602 0.034064 0.123188
0 0.269259 0.160024 0.030091 0.125201
0 0.297725 0.150463 0.040082 0.137480
0 0.428442 0.152174 0.060785 0.201288
0 0.393055 0.435085 0.052841 0.230475
0 0.443488 0.422202 0.053563 0.202295
0 0.592561 0.489332 0.060183 0.211353
0 0.553503 0.858897 0.028767 0.107488
0 0.604357 0.849940 0.027443 0.094002
0 0.712025 0.918176 0.019379 0.069444
0 0.733390 0.915862 0.020703 0.064815
0 0.755778 0.914754 0.021425 0.071457
0 0.776481 0.923812 0.021425 0.078301
0 0.800614 0.911433 0.020101 0.067230
0 0.804285 0.808575 0.024795 0.084944
0 0.781476 0.816324 0.016731 0.078301
0 0.758787 0.813003 0.018055 0.080515
0 0.736399 0.815217 0.019981 0.096216
0 0.715034 0.815821 0.025397 0.068035
0 0.715636 0.713969 0.017453 0.090580
0 0.738084 0.720209 0.020703 0.082931
0 0.762458 0.712963 0.018657 0.070451
0 0.783522 0.709642 0.019379 0.077093
0 0.803563 0.706220 0.020703 0.077093
0 0.714312 0.616143 0.016009 0.080515
0 0.733690 0.612319 0.020101 0.081723
0 0.755477 0.607890 0.019379 0.074879
0 0.777805 0.601047 0.014685 0.074879
0 0.801276 0.607890 0.021425 0.086151
0 0.805609 0.515600 0.015407 0.078301
0 0.777504 0.508253 0.016731 0.074879
0 0.756440 0.504932 0.020101 0.063808
0 0.734052 0.503221 0.019379 0.060386
0 0.709978 0.513889 0.015286 0.074879
0 0.711302 0.414352 0.019379 0.083937
0 0.736700 0.410427 0.016731 0.084944
0 0.759810 0.404791 0.016009 0.064815
0 0.778527 0.407609 0.021425 0.081723
0 0.806572 0.412742 0.024073 0.094002
0 0.812289 0.309783 0.019379 0.071659
0 0.784545 0.311997 0.019981 0.084944
0 0.765467 0.312097 0.023471 0.082729
0 0.737723 0.313708 0.017333 0.072665
0 0.712987 0.316023 0.017453 0.086151
0 0.709316 0.199074 0.018055 0.069243
0 0.733028 0.190217 0.017333 0.080515
0 0.754454 0.194042 0.018777 0.070451
0 0.780513 0.198571 0.020101 0.072665
0 0.805248 0.193539 0.021425 0.078301
0 0.710339 0.106884 0.022749 0.086151
0 0.734352 0.108494 0.018777 0.071659
0 0.758125 0.107991 0.020823 0.072665
0 0.783522 0.107387 0.020823 0.073873
0 0.804947 0.101852 0.016731 0.084944
0 0.929646 0.054851 0.016009 0.065016
0 0.921642 0.247685 0.018777 0.068237
0 0.881500 0.478663 0.013361 0.047101
0 0.904610 0.482085 0.016731 0.040258
0 0.930308 0.479771 0.014685 0.049316
0 0.884148 0.611715 0.017453 0.044686
0 0.947701 0.621377 0.010713 0.032609
0 0.896545 0.782206 0.009990 0.025765
0 0.941442 0.789352 0.008546 0.024356
0 0.919957 0.978060 0.033462 0.022142
