0 0.048393 0.193034 0.079189 0.096165
0 0.137175 0.194539 0.079066 0.095162
0 0.042588 0.372114 0.070023 0.078097
0 0.138763 0.371512 0.075889 0.094158
0 0.087621 0.455129 0.079189 0.075085
0 0.038128 0.608211 0.059880 0.074885
0 0.132042 0.608211 0.063669 0.085726
0 0.088293 0.765609 0.059758 0.072877
0 0.037150 0.951616 0.059147 0.077093
0 0.127826 0.955330 0.059147 0.076089
0 0.252658 0.135415 0.070756 0.084521
0 0.337835 0.132202 0.075156 0.082514
0 0.295674 0.221441 0.074667 0.091949
0 0.248442 0.396406 0.076500 0.092953
0 0.338812 0.400622 0.071978 0.090946
0 0.248747 0.594459 0.083710 0.100381
0 0.339729 0.596065 0.080411 0.099177
0 0.247464 0.729773 0.077233 0.093957
0 0.341989 0.726561 0.074667 0.093957
0 0.246181 0.866593 0.074667 0.094961
0 0.340401 0.866091 0.076622 0.093957
0 0.453562 0.099478 0.073934 0.084521
0 0.540389 0.094760 0.071367 0.085525
0 0.453929 0.201967 0.083710 0.095162
0 0.538494 0.200863 0.080288 0.092953
0 0.499939 0.293817 0.081633 0.092953
0 0.456129 0.447099 0.072712 0.090745
0 0.538189 0.449207 0.077233 0.107810
0 0.446230 0.620960 0.086154 0.102389
0 0.545582 0.620357 0.095931 0.114033
0 0.450385 0.797932 0.075156 0.086529
0 0.545216 0.800040 0.070756 0.086730
0 0.501466 0.922606 0.081022 0.094961
0 0.702187 0.095864 0.077233 0.102590
0 0.704082 0.271130 0.081022 0.104597
0 0.656544 0.442883 0.074667 0.088737
0 0.748197 0.440775 0.077844 0.092953
0 0.655872 0.557017 0.081144 0.101385
0 0.744959 0.556013 0.077722 0.092953
0 0.658438 0.667938 0.069412 0.095162
0 0.746242 0.669544 0.079066 0.098374
0 0.660699 0.786790 0.079066 0.091949
0 0.749114 0.784180 0.078455 0.093154
0 0.658133 0.897310 0.072712 0.092953
0 0.751680 0.896707 0.077233 0.089741
0 0.866553 0.055611 0.080411 0.098374
0 0.954968 0.054608 0.070756 0.091949
0 0.865269 0.173459 0.077844 0.095162
0 0.958145 0.169143 0.074667 0.092953
0 0.865208 0.290705 0.076500 0.097169
0 0.954968 0.286489 0.075889 0.088737
0 0.864903 0.406946 0.077111 0.090745
0 0.953990 0.406946 0.073934 0.095162
0 0.867469 0.521582 0.081022 0.102389
0 0.953684 0.521080 0.087498 0.109817
0 0.911829 0.637322 0.084932 0.101385
0 0.863986 0.856053 0.090676 0.114033
0 0.955640 0.852439 0.088721 0.115238
