0 0.046451 0.114805 0.056807 0.074528
0 0.050933 0.212836 0.054385 0.068100
0 0.048934 0.314685 0.078004 0.090197
0 0.049782 0.424669 0.059593 0.077943
0 0.049721 0.529731 0.067708 0.080354
0 0.050448 0.601446 0.063348 0.074729
0 0.049419 0.711832 0.072674 0.089795
0 0.049419 0.792587 0.075581 0.090599
0 0.052386 0.903576 0.063832 0.076336
0 0.160792 0.941141 0.088299 0.116914
0 0.162246 0.783849 0.101623 0.118120
0 0.161579 0.664926 0.086725 0.117316
0 0.164305 0.494275 0.067466 0.089795
0 0.161943 0.379570 0.058382 0.074930
0 0.161458 0.276115 0.060320 0.074930
0 0.162912 0.165629 0.073643 0.088590
0 0.162791 0.044697 0.069525 0.082162
0 0.266352 0.094315 0.094719 0.131177
0 0.263869 0.215448 0.094598 0.125954
0 0.265625 0.368521 0.074855 0.113098
0 0.266594 0.522298 0.087694 0.118120
0 0.265867 0.629671 0.082364 0.109883
0 0.266049 0.781941 0.078852 0.109482
0 0.263990 0.891221 0.080063 0.113901
0 0.354348 0.927180 0.073038 0.107071
0 0.352592 0.751708 0.084302 0.124950
0 0.352350 0.644235 0.069525 0.098835
0 0.353985 0.535958 0.082970 0.121736
0 0.354954 0.375352 0.077156 0.109482
0 0.353985 0.210727 0.075703 0.108076
0 0.355317 0.099438 0.075945 0.112897
0 0.446039 0.085476 0.088784 0.119928
0 0.444949 0.235235 0.074249 0.100040
0 0.445555 0.371233 0.098232 0.138208
0 0.446887 0.493572 0.101381 0.126155
0 0.447796 0.628264 0.070494 0.093009
0 0.445070 0.768984 0.091206 0.141422
0 0.446827 0.930193 0.087209 0.129570
0 0.561047 0.881077 0.132752 0.157493
0 0.558987 0.743070 0.109981 0.127360
0 0.560017 0.540579 0.069404 0.081559
0 0.559290 0.463238 0.063590 0.079550
0 0.559290 0.343511 0.068435 0.077139
0 0.558806 0.264162 0.069404 0.081559
0 0.558624 0.072720 0.099322 0.143029
0 0.687439 0.160305 0.141352 0.157493
0 0.686168 0.384391 0.098837 0.133186
0 0.687197 0.578646 0.117127 0.149658
0 0.681625 0.737545 0.115431 0.164122
0 0.686470 0.916533 0.113735 0.133186
0 0.813893 0.883086 0.123425 0.160707
0 0.813166 0.716854 0.105499 0.134793
0 0.811531 0.542387 0.119186 0.142628
0 0.813590 0.369626 0.110465 0.137405
0 0.810562 0.244777 0.108285 0.135195
0 0.817345 0.070108 0.106105 0.134592
0 0.934775 0.099538 0.129239 0.170550
0 0.936834 0.297509 0.124637 0.159502
0 0.932594 0.504922 0.102592 0.143632
0 0.932292 0.680996 0.110950 0.144235
0 0.934654 0.859883 0.117127 0.146444
