0 0.023876 0.140918 0.010423 0.021956
0 0.075567 0.136028 0.008363 0.026148
0 0.050903 0.259581 0.007514 0.018563
0 0.023270 0.373154 0.011635 0.025349
0 0.079021 0.372156 0.012120 0.027345
0 0.008605 0.507086 0.015028 0.034531
0 0.035208 0.510778 0.022179 0.044711
0 0.064416 0.505689 0.014665 0.038523
0 0.097867 0.508782 0.016362 0.054291
0 0.023270 0.665070 0.021816 0.044711
0 0.061508 0.666467 0.012968 0.057086
0 0.056902 0.795509 0.027997 0.063273
0 0.033753 0.903194 0.021694 0.055888
0 0.079021 0.902894 0.022058 0.050898
0 0.180584 0.100898 0.019634 0.050898
0 0.155981 0.234731 0.025451 0.062675
0 0.206339 0.231737 0.027512 0.070259
0 0.179857 0.474451 0.016725 0.032335
0 0.154709 0.582435 0.018058 0.039122
0 0.204460 0.586527 0.019634 0.048902
0 0.181069 0.718663 0.030542 0.086028
0 0.148043 0.840619 0.031390 0.073653
0 0.183554 0.842914 0.026300 0.064671
0 0.212398 0.840818 0.027269 0.066068
0 0.274452 0.900399 0.004242 0.013174
0 0.305781 0.900399 0.004121 0.008782
0 0.333778 0.900000 0.005090 0.009581
0 0.275179 0.797006 0.009332 0.019960
0 0.306448 0.795709 0.010302 0.026547
0 0.335959 0.798902 0.007757 0.020958
0 0.308569 0.696407 0.012120 0.022355
0 0.308205 0.525150 0.025451 0.061876
0 0.309659 0.404591 0.028603 0.065469
0 0.336262 0.246806 0.038904 0.113174
0 0.281117 0.089820 0.085687 0.089022
0 0.343595 0.093214 0.032239 0.085429
0 0.433826 0.214271 0.013938 0.034930
0 0.433887 0.327844 0.007757 0.038922
0 0.436553 0.425150 0.009938 0.034731
0 0.434008 0.529441 0.004363 0.015369
0 0.430433 0.646707 0.011514 0.052295
0 0.443037 0.644411 0.011756 0.049701
0 0.433160 0.760978 0.006302 0.031737
0 0.434008 0.923154 0.004363 0.014371
0 0.539026 0.909581 0.008120 0.017964
0 0.576960 0.910978 0.006181 0.019960
0 0.538723 0.810579 0.009211 0.009182
0 0.579021 0.813373 0.008847 0.012774
0 0.581081 0.702096 0.005696 0.019361
0 0.538480 0.700399 0.007999 0.023553
0 0.562235 0.603094 0.007029 0.014571
0 0.553206 0.512076 0.007393 0.010180
0 0.553812 0.507086 0.004969 0.007784
0 0.556478 0.504192 0.004000 0.009581
0 0.560538 0.500399 0.004121 0.013972
0 0.561629 0.344311 0.003636 0.009182
0 0.560356 0.248303 0.002060 0.006387
0 0.531208 0.139521 0.004606 0.010778
0 0.559387 0.132535 0.003757 0.009182
0 0.587989 0.136028 0.004727 0.010579
0 0.657678 0.141717 0.004727 0.013174
0 0.686644 0.143912 0.003515 0.008782
0 0.715065 0.147505 0.003394 0.009182
0 0.666586 0.244212 0.009938 0.024152
0 0.702279 0.241218 0.008847 0.019361
0 0.663192 0.341816 0.007999 0.018164
0 0.666889 0.336427 0.005211 0.022156
0 0.702279 0.338922 0.008847 0.020758
0 0.668464 0.437924 0.005696 0.016367
0 0.703369 0.439022 0.004969 0.016567
0 0.689735 0.523653 0.003878 0.011776
0 0.685796 0.525050 0.004000 0.009780
0 0.683251 0.527545 0.004969 0.009581
0 0.687553 0.623653 0.007029 0.018164
0 0.686402 0.789222 0.008363 0.033533
0 0.687008 0.962475 0.002303 0.004790
0 0.816022 0.068463 0.002424 0.005988
0 0.783844 0.260479 0.011271 0.029142
0 0.794813 0.260778 0.010908 0.030140
0 0.815295 0.256587 0.008726 0.025749
0 0.834687 0.259281 0.011150 0.023952
0 0.844867 0.259182 0.009696 0.024152
0 0.794389 0.418064 0.005939 0.016168
0 0.835293 0.419261 0.005575 0.016567
0 0.815719 0.513972 0.005211 0.015968
0 0.812508 0.617764 0.007514 0.019162
0 0.813356 0.799900 0.014786 0.063273
0 0.812508 0.924451 0.007999 0.032136
0 0.939401 0.895808 0.005333 0.024351
0 0.939038 0.969860 0.005090 0.016766
0 0.937159 0.802794 0.019513 0.074251
0 0.916859 0.696806 0.006545 0.025948
0 0.958369 0.697206 0.009817 0.027146
0 0.939159 0.611377 0.006787 0.027146
0 0.940553 0.525349 0.006423 0.019162
0 0.941765 0.437824 0.004000 0.016966
0 0.917404 0.343214 0.006908 0.026148
0 0.960671 0.343513 0.008605 0.025549
0 0.942007 0.259681 0.009332 0.021956
0 0.943340 0.156387 0.019028 0.051697
0 0.942310 0.061078 0.004363 0.014770
