0 0.694269 0.049497 0.033791 0.078880
0 0.734806 0.050680 0.029851 0.078880
0 0.776239 0.049497 0.030567 0.074542
0 0.816657 0.050680 0.027821 0.074542
0 0.694627 0.150858 0.030448 0.077697
0 0.734090 0.149280 0.029851 0.078880
0 0.775582 0.148689 0.029254 0.082035
0 0.816060 0.145928 0.031881 0.083218
0 0.695284 0.254881 0.031761 0.086571
0 0.735403 0.256064 0.032478 0.079866
0 0.777194 0.256655 0.029851 0.081049
0 0.815642 0.254979 0.029851 0.077697
0 0.699582 0.373891 0.032478 0.083218
0 0.733791 0.371623 0.027821 0.081049
0 0.775224 0.371031 0.028537 0.086571
0 0.816358 0.372116 0.032478 0.088740
0 0.698269 0.491619 0.032478 0.080063
0 0.735104 0.492112 0.029254 0.085387
0 0.775224 0.489351 0.031164 0.075528
0 0.814328 0.491027 0.029851 0.085585
0 0.698627 0.608263 0.029134 0.081049
0 0.735761 0.606685 0.030567 0.082232
0 0.773254 0.605502 0.029851 0.079866
0 0.813373 0.605009 0.033194 0.083218
0 0.700955 0.722737 0.031164 0.075725
0 0.737075 0.719483 0.027940 0.079866
0 0.776537 0.719976 0.028537 0.083218
0 0.892657 0.189213 0.015284 0.038454
0 0.929134 0.184875 0.012537 0.040426
0 0.964299 0.185959 0.013851 0.042595
0 0.917851 0.394695 0.007403 0.017551
0 0.950687 0.395188 0.006687 0.020903
0 0.866806 0.594557 0.013970 0.038257
0 0.897612 0.594557 0.014687 0.036285
0 0.928478 0.593473 0.015284 0.031749
0 0.959343 0.594064 0.013254 0.037271
0 0.988478 0.588543 0.015881 0.037271
0 0.868418 0.675113 0.016000 0.034904
0 0.527821 0.087359 0.016597 0.040623
0 0.559642 0.085190 0.015284 0.038257
0 0.588836 0.083415 0.013970 0.039440
0 0.619343 0.085190 0.016478 0.044962
0 0.651164 0.081246 0.016597 0.043778
0 0.528418 0.163479 0.016597 0.041806
0 0.556657 0.164563 0.016000 0.043976
0 0.586149 0.161802 0.017910 0.040426
0 0.618687 0.163972 0.019224 0.047131
0 0.648836 0.166732 0.017194 0.048314
0 0.530149 0.240189 0.018627 0.043778
0 0.557672 0.236936 0.016597 0.041609
0 0.587821 0.238513 0.014567 0.040426
0 0.618388 0.239006 0.014567 0.043778
0 0.649552 0.240189 0.017194 0.046145
0 0.530090 0.318478 0.015881 0.038257
0 0.531463 0.532637 0.031761 0.083218
0 0.569254 0.531552 0.031881 0.081049
0 0.607403 0.532144 0.032478 0.082232
0 0.645910 0.530566 0.028537 0.081049
0 0.529791 0.649872 0.029851 0.081049
0 0.568299 0.651548 0.031164 0.075725
0 0.609015 0.654309 0.034507 0.083218
0 0.645254 0.653224 0.032478 0.081049
0 0.530806 0.771445 0.031881 0.078880
0 0.568299 0.770361 0.031164 0.085387
0 0.608060 0.770952 0.031164 0.086571
0 0.645552 0.770459 0.033075 0.078880
0 0.533433 0.885427 0.033075 0.083218
0 0.571284 0.887596 0.027821 0.078880
0 0.605731 0.886019 0.029134 0.082035
0 0.642209 0.886019 0.027821 0.082035
0 0.352716 0.113587 0.015284 0.029580
0 0.383821 0.116841 0.013970 0.031749
0 0.411701 0.116939 0.015284 0.036285
0 0.441194 0.110826 0.014567 0.035102
0 0.469194 0.111418 0.013254 0.036285
0 0.415045 0.274108 0.012657 0.030763
0 0.355940 0.415993 0.017910 0.047131
0 0.388179 0.412148 0.019821 0.046145
0 0.419045 0.415993 0.019224 0.044764
0 0.450209 0.414317 0.019224 0.043778
0 0.479701 0.412148 0.017313 0.043778
0 0.356657 0.491619 0.017910 0.040623
0 0.388836 0.490534 0.015881 0.038454
0 0.417373 0.492211 0.017313 0.043778
0 0.448179 0.490534 0.016597 0.038454
0 0.478388 0.491027 0.017313 0.043778
0 0.356955 0.577105 0.015881 0.042792
0 0.388537 0.577105 0.017910 0.042792
0 0.417672 0.578091 0.017910 0.042792
0 0.447224 0.576514 0.015881 0.043976
0 0.477731 0.570499 0.014567 0.042595
0 0.359940 0.657070 0.019224 0.040623
0 0.388478 0.656478 0.016597 0.041806
0 0.416358 0.655393 0.017910 0.045948
0 0.355343 0.808223 0.015284 0.042792
0 0.385851 0.807040 0.019224 0.047131
0 0.415045 0.808223 0.017910 0.044764
0 0.445194 0.809801 0.017313 0.045948
0 0.475701 0.808223 0.018627 0.042792
0 0.357015 0.882173 0.017194 0.041609
0 0.386507 0.884835 0.017910 0.044962
0 0.416657 0.881680 0.015881 0.033918
0 0.445254 0.883849 0.014567 0.044962
0 0.304896 0.910669 0.016597 0.048117
0 0.272418 0.914021 0.016597 0.039440
0 0.242567 0.911753 0.016597 0.041609
0 0.211045 0.914415 0.017313 0.044962
0 0.174567 0.911162 0.018627 0.040426
0 0.243224 0.723329 0.008597 0.024058
0 0.245433 0.553737 0.007761 0.018931
0 0.301612 0.350818 0.004299 0.009860
0 0.277731 0.350818 0.004299 0.009860
0 0.254985 0.350424 0.004896 0.011438
0 0.231104 0.351410 0.004418 0.008677
0 0.206746 0.350030 0.003940 0.008282
0 0.186328 0.347170 0.005373 0.011635
0 0.183881 0.115362 0.003582 0.007888
0 0.184060 0.122165 0.003463 0.005719
0 0.210746 0.117235 0.003582 0.008874
0 0.237194 0.114376 0.003940 0.008677
0 0.208358 0.197003 0.003104 0.007888
0 0.234269 0.192270 0.003343 0.007888
0 0.264896 0.118616 0.003701 0.009663
0 0.289552 0.115165 0.003582 0.007888
0 0.313194 0.114277 0.004060 0.008085
0 0.183403 0.195031 0.002388 0.005916
0 0.185851 0.194143 0.001791 0.006113
0 0.180537 0.194439 0.001910 0.006310
0 0.073552 0.171071 0.003104 0.008874
0 0.008896 0.350720 0.006090 0.014790
0 0.034627 0.354565 0.006448 0.012226
0 0.055522 0.355354 0.005493 0.013015
0 0.080060 0.352790 0.004657 0.012621
0 0.105134 0.352002 0.006090 0.014198
0 0.132239 0.349339 0.005373 0.014396
0 0.009970 0.422698 0.005612 0.014001
0 0.034030 0.423486 0.005731 0.013607
0 0.011164 0.567442 0.005851 0.010452
0 0.037015 0.565470 0.004776 0.011240
0 0.061134 0.566555 0.004299 0.010649
0 0.087821 0.565766 0.004418 0.012621
0 0.113851 0.563005 0.005612 0.011832
0 0.140716 0.563203 0.004896 0.010254
0 0.011343 0.643463 0.005254 0.011438
0 0.037015 0.641589 0.005731 0.010452
0 0.060478 0.643364 0.005134 0.013607
0 0.086030 0.641787 0.005612 0.013607
0 0.113433 0.642871 0.004537 0.010254
0 0.138806 0.639815 0.004179 0.009663
0 0.049373 0.857129 0.004179 0.008874
0 0.086925 0.848945 0.003343 0.003550
0 0.088896 0.853382 0.002507 0.006902
0 0.084657 0.853382 0.002627 0.006902
0 0.087045 0.857720 0.003343 0.005719
0 0.183224 0.189706 0.002269 0.003155
0 0.183881 0.201637 0.003104 0.002958
