0 0.170839 0.182540 0.174521 0.078388
0 0.432622 0.196825 0.240059 0.084005
0 0.641384 0.206471 0.229013 0.107204
0 0.837445 0.217582 0.099043 0.108425
0 0.855118 0.356532 0.108616 0.097680
0 0.704529 0.369475 0.150589 0.084982
0 0.562040 0.385836 0.124816 0.094261
0 0.416421 0.398657 0.092784 0.075458
0 0.192378 0.373016 0.243373 0.088156
0 0.189985 0.584860 0.257732 0.108425
0 0.398012 0.538217 0.164948 0.093284
0 0.594993 0.540904 0.212813 0.092308
0 0.752761 0.543468 0.086524 0.089133
0 0.886966 0.545055 0.083211 0.105006
0 0.157032 0.749451 0.124816 0.114774
0 0.298785 0.746886 0.087997 0.094505
0 0.442194 0.758974 0.092784 0.110379
0 0.594256 0.738339 0.111929 0.098901
0 0.722202 0.727717 0.108616 0.092308
0 0.866163 0.715995 0.115243 0.096703
