0 0.152419 0.145481 0.095307 0.031839
0 0.287741 0.160544 0.102583 0.028655
0 0.425609 0.177198 0.080029 0.028655
0 0.560567 0.152706 0.104038 0.034044
0 0.681884 0.165320 0.054929 0.032819
0 0.812659 0.164217 0.120044 0.031594
0 0.199891 0.302474 0.106584 0.041636
0 0.426701 0.284350 0.112768 0.039677
0 0.638050 0.297820 0.111313 0.037717
0 0.154965 0.422116 0.101128 0.032574
0 0.280466 0.431668 0.104038 0.034533
0 0.418516 0.425545 0.100764 0.036493
0 0.546017 0.428361 0.109131 0.037228
0 0.670244 0.427627 0.096399 0.034289
0 0.831757 0.438771 0.101491 0.033064
0 0.190433 0.874847 0.039651 0.035758
0 0.520371 0.713813 0.026555 0.052657
0 0.653510 0.711976 0.023645 0.051923
0 0.558931 0.855131 0.030920 0.038942
0 0.656784 0.864683 0.025100 0.030125
0 0.738268 0.866887 0.022917 0.031594
0 0.862859 0.815699 0.040742 0.015920
0 0.861040 0.864438 0.018188 0.043350
0 0.389778 0.865907 0.017825 0.019349
0 0.157148 0.186995 0.087304 0.026206
0 0.286650 0.190301 0.061841 0.024002
0 0.421062 0.317169 0.067297 0.024002
0 0.156057 0.455302 0.042925 0.014695
