0 0.056914 0.217583 0.032597 0.102537
0 0.096740 0.206219 0.027077 0.096371
0 0.141167 0.210271 0.027865 0.073467
0 0.168967 0.201462 0.020110 0.064306
0 0.205376 0.208245 0.023265 0.071529
0 0.058097 0.306202 0.023922 0.056025
0 0.091285 0.308756 0.022476 0.073467
0 0.129995 0.306642 0.022345 0.061135
0 0.164761 0.304616 0.019322 0.071529
0 0.204982 0.311311 0.016167 0.041579
0 0.066969 0.403013 0.029311 0.094257
0 0.104101 0.407770 0.029443 0.080867
0 0.138473 0.409267 0.031677 0.079634
0 0.169821 0.412438 0.027865 0.085976
0 0.198804 0.428471 0.022476 0.072586
0 0.061909 0.511804 0.023922 0.071529
0 0.096740 0.528453 0.030231 0.077696
0 0.132689 0.516032 0.027734 0.085976
0 0.172910 0.517530 0.030889 0.078753
0 0.213460 0.516561 0.027077 0.074700
0 0.059214 0.622798 0.037198 0.106765
0 0.095952 0.625352 0.025499 0.097428
0 0.126906 0.603594 0.017744 0.056025
0 0.164366 0.612932 0.021688 0.087033
0 0.194532 0.617072 0.024711 0.091085
0 0.055797 0.746036 0.033254 0.081924
0 0.091746 0.741984 0.015510 0.079810
0 0.128089 0.752290 0.020110 0.065187
0 0.157794 0.738901 0.030100 0.088090
0 0.199527 0.726920 0.028654 0.091261
0 0.052313 0.827519 0.027865 0.070472
0 0.092074 0.833686 0.019322 0.072586
0 0.134989 0.868922 0.027865 0.087033
0 0.165155 0.876145 0.030889 0.103594
0 0.077024 0.911381 0.029443 0.078929
0 0.238236 0.090116 0.024054 0.077696
0 0.270308 0.097868 0.024842 0.093199
0 0.299290 0.087033 0.022345 0.069415
0 0.329850 0.094697 0.030889 0.082981
0 0.373948 0.091085 0.024711 0.081748
0 0.240931 0.173450 0.027865 0.078753
0 0.273068 0.183844 0.020899 0.082981
0 0.309345 0.184901 0.024054 0.088971
0 0.341023 0.181290 0.022476 0.054968
0 0.600486 0.140856 0.021688 0.084038
0 0.632558 0.140328 0.024054 0.068534
0 0.672779 0.141825 0.020899 0.069415
0 0.708662 0.141913 0.020110 0.059020
0 0.743888 0.111875 0.020899 0.090204
0 0.598120 0.238284 0.021688 0.077696
0 0.641101 0.240839 0.019322 0.070472
0 0.673107 0.229475 0.023134 0.074524
0 0.697489 0.230004 0.020899 0.059020
0 0.741588 0.220666 0.023922 0.081924
0 0.601275 0.329986 0.018533 0.062016
0 0.630586 0.325846 0.020110 0.062192
0 0.667390 0.327343 0.020899 0.067301
0 0.701367 0.324789 0.020768 0.064306
0 0.729955 0.320120 0.022476 0.067301
0 0.595097 0.422745 0.020110 0.077696
0 0.635975 0.419133 0.018533 0.051797
0 0.668113 0.422216 0.016299 0.062192
0 0.708333 0.422745 0.017876 0.050916
0 0.743888 0.421247 0.016167 0.053911
0 0.601604 0.510835 0.014721 0.073467
0 0.631441 0.506695 0.013933 0.063073
0 0.667718 0.508192 0.012355 0.060078
0 0.700578 0.500000 0.022345 0.070472
0 0.731533 0.500969 0.024054 0.060078
0 0.781349 0.088531 0.020110 0.076638
0 0.814603 0.085888 0.016956 0.061135
0 0.848712 0.084919 0.026288 0.073643
0 0.883478 0.082276 0.018533 0.064130
0 0.920150 0.080250 0.017744 0.062192
0 0.783715 0.184373 0.024842 0.069591
0 0.821175 0.180233 0.017744 0.052854
0 0.860213 0.176621 0.018533 0.062192
0 0.898134 0.167283 0.017087 0.057963
0 0.932177 0.154334 0.013933 0.054968
0 0.777077 0.268323 0.025499 0.061311
0 0.809214 0.264183 0.018533 0.065363
0 0.846675 0.258545 0.020899 0.062192
0 0.881506 0.253788 0.017744 0.061135
0 0.910489 0.251233 0.021556 0.068358
0 0.940655 0.246564 0.018533 0.071353
0 0.942955 0.345578 0.023134 0.093199
0 0.913578 0.351744 0.016956 0.068534
0 0.880323 0.342407 0.018533 0.064306
0 0.849040 0.347604 0.025631 0.072586
0 0.817758 0.355356 0.020110 0.065187
0 0.786409 0.356413 0.020768 0.063073
0 0.783320 0.433051 0.020899 0.067301
0 0.816575 0.434197 0.036409 0.077696
