0 0.220678 0.250928 0.263082 0.075229
0 0.494406 0.249319 0.259834 0.094779
0 0.750271 0.204529 0.302418 0.097748
0 0.205702 0.419451 0.230242 0.084633
0 0.450018 0.428854 0.234572 0.084633
0 0.738903 0.412893 0.216889 0.081415
0 0.236557 0.600965 0.231324 0.088839
0 0.489895 0.592180 0.239264 0.099975
0 0.730603 0.560257 0.266691 0.085622
0 0.206604 0.706137 0.279682 0.080426
0 0.497293 0.698961 0.236016 0.072012
0 0.769036 0.689681 0.277156 0.115318
0 0.205702 0.801039 0.274991 0.097006
0 0.457597 0.844840 0.267773 0.097996
0 0.730603 0.839149 0.284735 0.102945
