0 0.088070 0.141515 0.118926 0.150909
0 0.223485 0.136162 0.151905 0.185051
0 0.357277 0.127071 0.124922 0.132929
0 0.487196 0.121818 0.122923 0.134949
0 0.625297 0.127677 0.145284 0.163636
0 0.764647 0.117677 0.132167 0.145657
0 0.902686 0.121313 0.146658 0.163838
0 0.894816 0.275051 0.149157 0.160606
0 0.763960 0.250000 0.119051 0.140404
0 0.631168 0.270606 0.149282 0.171111
0 0.494379 0.250000 0.130793 0.116970
0 0.360587 0.267980 0.143285 0.174343
0 0.217926 0.280808 0.147283 0.185051
0 0.086134 0.280303 0.130793 0.145657
0 0.080887 0.404141 0.119051 0.127475
0 0.211680 0.425455 0.140037 0.161616
0 0.357027 0.419495 0.157152 0.160606
0 0.494129 0.471111 0.152530 0.178586
0 0.625921 0.425354 0.149282 0.163838
0 0.760025 0.371717 0.129419 0.139394
0 0.894129 0.420606 0.134791 0.168889
0 0.492755 0.358384 0.114304 0.112727
0 0.079888 0.524848 0.103810 0.117980
0 0.080512 0.632222 0.117052 0.118182
0 0.083760 0.757172 0.127545 0.151111
0 0.086071 0.885758 0.126921 0.150909
0 0.208432 0.570000 0.136040 0.157374
0 0.211993 0.722020 0.148657 0.159596
0 0.212992 0.871515 0.133417 0.141414
0 0.348157 0.572626 0.139413 0.147677
0 0.356652 0.720303 0.144660 0.171111
0 0.357277 0.882626 0.149906 0.146667
0 0.504622 0.616263 0.148532 0.171111
0 0.501312 0.757071 0.131418 0.174343
0 0.499063 0.899091 0.137414 0.152121
0 0.634478 0.589192 0.141412 0.180808
0 0.634416 0.743333 0.144035 0.174343
0 0.636415 0.889495 0.134791 0.156364
0 0.762648 0.491818 0.126921 0.143636
0 0.765334 0.618889 0.134791 0.135960
0 0.766958 0.751919 0.128795 0.161616
0 0.762024 0.888485 0.133417 0.149899
0 0.899063 0.567879 0.144660 0.168081
0 0.898064 0.722626 0.147908 0.166869
0 0.898751 0.881515 0.153279 0.176364
