0 0.214811 0.162765 0.205439 0.056040
0 0.422455 0.170984 0.191474 0.047572
0 0.626057 0.167870 0.198824 0.065753
0 0.818817 0.170735 0.191106 0.056538
0 0.188901 0.337111 0.169791 0.055542
0 0.391951 0.326899 0.187799 0.052055
0 0.624219 0.324658 0.151047 0.045081
0 0.816612 0.326401 0.170526 0.047572
0 0.196068 0.502740 0.205439 0.064010
0 0.402793 0.502740 0.179346 0.080946
0 0.615766 0.521295 0.178243 0.058281
0 0.805035 0.509838 0.180448 0.066750
0 0.186145 0.691781 0.180448 0.081943
0 0.368798 0.675592 0.143697 0.067995
0 0.591694 0.692902 0.208012 0.073225
0 0.805770 0.679577 0.198824 0.069988
0 0.201029 0.869738 0.194046 0.057783
0 0.399118 0.863263 0.183756 0.071731
0 0.597391 0.862640 0.174568 0.085430
0 0.809261 0.855915 0.177141 0.084433
