0 0.013442 0.117447 0.011283 0.035121
0 0.034336 0.118580 0.008776 0.033610
0 0.063031 0.120940 0.009890 0.034554
0 0.083925 0.115087 0.007383 0.032289
0 0.105168 0.120468 0.009751 0.038142
0 0.123485 0.114237 0.009890 0.029456
0 0.146121 0.114898 0.007522 0.032666
0 0.172238 0.110461 0.007383 0.029456
0 0.018874 0.216673 0.009890 0.034554
0 0.048962 0.223565 0.011561 0.035498
0 0.077309 0.204022 0.009193 0.036065
0 0.107048 0.206760 0.012954 0.035876
0 0.129753 0.206005 0.012954 0.033610
0 0.166458 0.201473 0.010865 0.029834
0 0.021451 0.293146 0.009472 0.032666
0 0.048266 0.290219 0.008776 0.037764
0 0.221688 0.117919 0.009054 0.026624
0 0.250871 0.122734 0.009193 0.029079
0 0.421438 0.138878 0.011840 0.030023
0 0.443377 0.134724 0.018387 0.039086
