0 0.193336 0.199926 0.190406 0.068171
0 0.396009 0.180342 0.199561 0.085027
0 0.586964 0.182573 0.188942 0.072633
0 0.785976 0.191621 0.185646 0.064948
0 0.199378 0.371591 0.162212 0.067427
0 0.400220 0.370724 0.176492 0.062717
0 0.584584 0.376673 0.190773 0.055280
0 0.801355 0.367873 0.217869 0.061477
0 0.200476 0.567179 0.212743 0.069906
0 0.399304 0.571641 0.192970 0.070897
0 0.601245 0.559494 0.188942 0.072881
0 0.801172 0.579698 0.183083 0.064700
0 0.202856 0.756693 0.153057 0.092960
0 0.417796 0.739465 0.206518 0.066435
0 0.611681 0.767600 0.181252 0.081061
0 0.797510 0.773302 0.183815 0.067675
