0 0.223981 0.075210 0.058588 0.047996
0 0.189592 0.170584 0.123726 0.036368
0 0.305859 0.196809 0.125546 0.036368
0 0.443413 0.200767 0.139374 0.047749
0 0.578239 0.189758 0.120087 0.043048
0 0.745451 0.191489 0.135735 0.041564
0 0.188137 0.335849 0.089520 0.017566
0 0.403202 0.375186 0.112082 0.041811
0 0.546033 0.358362 0.142285 0.045275
0 0.154112 0.659822 0.115357 0.040574
0 0.298035 0.636071 0.132460 0.037110
0 0.438319 0.689758 0.115357 0.039584
0 0.605895 0.661183 0.119360 0.037853
0 0.742358 0.642627 0.137555 0.044285
0 0.177220 0.833498 0.114265 0.035626
