0 0.131361 0.211201 0.011149 0.029846
0 0.064074 0.425386 0.011674 0.057935
0 0.112015 0.429249 0.010231 0.035815
0 0.166645 0.442328 0.018494 0.055302
0 0.091094 0.846120 0.015084 0.051440
0 0.116146 0.839273 0.007739 0.023350
0 0.145527 0.844803 0.011149 0.038272
0 0.185598 0.847086 0.009706 0.044242
0 0.237080 0.886060 0.010624 0.027388
0 0.274528 0.906864 0.016527 0.065133
0 0.297810 0.879916 0.018494 0.060393
0 0.351981 0.884744 0.014035 0.054600
0 0.380902 0.893610 0.012592 0.043539
0 0.446944 0.830495 0.014559 0.063027
0 0.375787 0.796348 0.023872 0.066362
0 0.346406 0.803810 0.016527 0.068294
0 0.312631 0.799245 0.015084 0.055302
0 0.289349 0.800913 0.013116 0.042837
0 0.264494 0.801264 0.012198 0.048806
0 0.234654 0.808374 0.012592 0.056706
0 0.239966 0.689695 0.013510 0.053195
0 0.261346 0.709533 0.013510 0.069698
0 0.303122 0.717082 0.015477 0.050737
0 0.338077 0.719277 0.018494 0.080056
0 0.372114 0.695927 0.027282 0.091643
0 0.236556 0.609375 0.011674 0.044944
0 0.265937 0.609726 0.017970 0.067767
0 0.295383 0.600685 0.020462 0.081987
0 0.326731 0.606829 0.013116 0.046173
0 0.352899 0.603230 0.015084 0.066362
0 0.373295 0.612974 0.013116 0.049333
0 0.375262 0.458304 0.014166 0.063729
0 0.345422 0.490432 0.020331 0.077423
0 0.322272 0.487184 0.019937 0.060393
0 0.297285 0.490695 0.017445 0.070225
0 0.268888 0.491134 0.016002 0.063027
0 0.236097 0.482005 0.021249 0.055302
0 0.244885 0.348666 0.016527 0.070927
0 0.288103 0.324614 0.017445 0.065660
0 0.319386 0.331812 0.019937 0.087781
0 0.346865 0.322683 0.017445 0.048806
0 0.380378 0.332075 0.019412 0.054600
0 0.246262 0.152914 0.014559 0.070927
0 0.305024 0.148789 0.021380 0.067591
0 0.363130 0.136324 0.017970 0.071454
0 0.431139 0.086991 0.018888 0.059867
0 0.463405 0.082777 0.016527 0.051440
0 0.500656 0.080495 0.010231 0.046875
0 0.544530 0.098051 0.011674 0.045471
0 0.465373 0.429336 0.013641 0.053897
0 0.639559 0.152300 0.016002 0.079881
0 0.698846 0.156601 0.013116 0.070225
0 0.745212 0.157479 0.032135 0.069522
0 0.817353 0.098402 0.014035 0.059164
0 0.838012 0.109375 0.013641 0.054073
0 0.870803 0.111657 0.023872 0.055829
0 0.907922 0.084972 0.012592 0.061096
0 0.945829 0.093750 0.030168 0.018961
0 0.810533 0.198824 0.019019 0.046875
0 0.836044 0.202949 0.020462 0.052669
0 0.863982 0.232971 0.014166 0.039677
0 0.898675 0.225421 0.014559 0.049508
0 0.939992 0.319786 0.027151 0.080583
0 0.898478 0.297226 0.023872 0.074789
0 0.863261 0.322068 0.015609 0.042310
0 0.838471 0.316450 0.012723 0.043013
0 0.817156 0.302493 0.016527 0.063202
0 0.791120 0.317767 0.016920 0.062500
0 0.761215 0.303810 0.035021 0.022647
0 0.728751 0.313553 0.016527 0.061798
0 0.701731 0.312324 0.022823 0.074789
0 0.673990 0.320049 0.015084 0.050211
0 0.638313 0.325667 0.025315 0.070225
0 0.614835 0.425386 0.017970 0.047402
0 0.651954 0.434515 0.015609 0.064256
0 0.679630 0.427405 0.016396 0.050035
0 0.717799 0.418539 0.011149 0.033708
0 0.743966 0.427405 0.013116 0.037044
0 0.767117 0.422138 0.018494 0.063027
0 0.606768 0.521331 0.015477 0.053195
0 0.626705 0.520980 0.009706 0.043715
0 0.648019 0.522999 0.015609 0.048806
0 0.677925 0.510534 0.024790 0.074789
0 0.709273 0.512202 0.020331 0.075316
0 0.740097 0.516766 0.017970 0.053195
0 0.617196 0.635095 0.014035 0.036341
0 0.631755 0.634129 0.012198 0.041081
0 0.656807 0.630267 0.021380 0.078652
0 0.675498 0.634831 0.023872 0.070927
0 0.707306 0.624737 0.012723 0.056004
0 0.719963 0.625702 0.010756 0.043539
0 0.737671 0.628248 0.012067 0.046173
0 0.754919 0.627546 0.012723 0.046173
0 0.806925 0.641591 0.009706 0.028617
0 0.601653 0.728669 0.016002 0.063729
0 0.623295 0.720330 0.017576 0.053371
0 0.640543 0.713132 0.016920 0.046699
0 0.680155 0.706987 0.033972 0.025281
0 0.712421 0.724895 0.021905 0.025983
0 0.744229 0.709533 0.017576 0.076018
0 0.621590 0.807409 0.012067 0.055829
0 0.649265 0.818820 0.021773 0.060393
0 0.797416 0.796348 0.015084 0.048104
0 0.838274 0.792398 0.026758 0.046875
0 0.865228 0.792135 0.017445 0.057935
0 0.897298 0.797665 0.016527 0.046875
