0 0.011094 0.113508 0.004931 0.009608
0 0.029448 0.105501 0.003561 0.010173
0 0.058074 0.104936 0.004383 0.012057
0 0.154773 0.104559 0.003287 0.011304
0 0.047322 0.172758 0.005616 0.010173
0 0.070538 0.177468 0.004931 0.012434
0 0.129982 0.176055 0.003835 0.011492
0 0.181619 0.177845 0.003561 0.009043
0 0.012259 0.244725 0.003424 0.010927
0 0.035406 0.249058 0.003972 0.011304
0 0.059170 0.248493 0.003287 0.010173
0 0.120052 0.252449 0.004520 0.009043
0 0.146213 0.253862 0.003698 0.010739
0 0.171004 0.258384 0.004246 0.009985
0 0.015203 0.330539 0.004931 0.010362
0 0.035543 0.333176 0.004246 0.010362
0 0.058622 0.332046 0.004383 0.010739
0 0.080605 0.331763 0.004520 0.008666
0 0.107109 0.330162 0.004657 0.008855
0 0.129708 0.334213 0.003835 0.009797
0 0.154294 0.336662 0.003972 0.009797
0 0.179975 0.339488 0.004109 0.012811
0 0.045062 0.409099 0.003287 0.010739
0 0.112450 0.413338 0.006301 0.011304
0 0.136420 0.415693 0.004931 0.011492
0 0.158677 0.435098 0.003698 0.010739
0 0.180044 0.434062 0.004246 0.012057
0 0.204903 0.555576 0.003013 0.007536
0 0.225175 0.550490 0.003013 0.008289
0 0.245309 0.546063 0.004109 0.008855
0 0.264142 0.551055 0.004246 0.008666
0 0.284482 0.544461 0.003013 0.010550
0 0.302904 0.534099 0.002602 0.007159
0 0.370086 0.542483 0.004383 0.013376
0 0.409122 0.346741 0.007670 0.015637
0 0.426243 0.340995 0.006848 0.017332
0 0.445350 0.343350 0.006985 0.017144
0 0.464868 0.344574 0.006848 0.014695
0 0.480688 0.347118 0.006985 0.014130
0 0.502876 0.344574 0.006711 0.016956
0 0.525134 0.337604 0.006574 0.016956
0 0.537872 0.349943 0.005479 0.010362
0 0.556773 0.343444 0.008492 0.016956
0 0.581016 0.343444 0.008766 0.018086
0 0.580948 0.408063 0.005342 0.010550
0 0.555061 0.417295 0.006437 0.014695
0 0.535406 0.412302 0.004109 0.016390
0 0.511916 0.412396 0.005616 0.011304
0 0.492261 0.410889 0.004931 0.012811
0 0.470963 0.415505 0.003698 0.012246
0 0.449459 0.424736 0.004520 0.013753
0 0.424736 0.423229 0.005479 0.011115
0 0.401657 0.421910 0.005616 0.014130
0 0.409464 0.484834 0.004520 0.014506
0 0.433913 0.479748 0.006027 0.015637
0 0.455417 0.472023 0.004109 0.009231
0 0.473223 0.475980 0.004931 0.010739
0 0.492261 0.480313 0.006027 0.010739
0 0.513080 0.477393 0.004931 0.012811
0 0.568895 0.478146 0.005342 0.018086
0 0.574031 0.554352 0.005205 0.019781
0 0.552527 0.551714 0.006027 0.014130
0 0.533146 0.545215 0.006985 0.015448
0 0.508287 0.544744 0.006301 0.012999
0 0.483701 0.544838 0.005342 0.016579
0 0.460211 0.552939 0.006574 0.019593
0 0.434735 0.548983 0.007670 0.012811
0 0.410355 0.554164 0.006848 0.013753
0 0.411793 0.619631 0.006711 0.015825
0 0.435420 0.624058 0.006574 0.013753
0 0.458841 0.620479 0.006027 0.014130
0 0.482263 0.610776 0.005479 0.012811
0 0.503835 0.613037 0.006985 0.015072
0 0.526435 0.619725 0.006437 0.015637
0 0.549514 0.622739 0.005753 0.021289
0 0.411108 0.690090 0.006985 0.015072
0 0.433502 0.685381 0.006301 0.015072
0 0.455554 0.687170 0.006027 0.013753
0 0.521778 0.681424 0.006164 0.013188
0 0.573209 0.616240 0.006301 0.012811
0 0.541159 0.683873 0.004657 0.013941
0 0.564512 0.680953 0.005890 0.014506
0 0.585673 0.672381 0.005205 0.017709
0 0.506301 0.746986 0.005616 0.018463
0 0.570949 0.739356 0.006711 0.016390
0 0.409464 0.752261 0.005616 0.013564
0 0.431105 0.753956 0.006711 0.013188
0 0.446446 0.801526 0.006164 0.015260
0 0.838926 0.866428 0.018080 0.022984
0 0.837556 0.887340 0.007122 0.016579
0 0.864402 0.881971 0.005479 0.013753
0 0.862895 0.862566 0.015888 0.022419
0 0.981030 0.794461 0.007259 0.015448
0 0.952198 0.790693 0.005753 0.015072
0 0.929873 0.780991 0.007122 0.015637
0 0.905629 0.789186 0.005753 0.012811
0 0.883715 0.785701 0.005753 0.015260
0 0.859608 0.787585 0.006848 0.012246
0 0.838173 0.785889 0.006164 0.013753
0 0.816943 0.795780 0.007533 0.015072
0 0.815025 0.713640 0.007259 0.016579
0 0.835023 0.703937 0.006437 0.015637
0 0.857554 0.707988 0.006027 0.014695
0 0.882824 0.711285 0.007259 0.016014
0 0.906177 0.708553 0.007944 0.015448
0 0.929256 0.713169 0.006985 0.017144
0 0.952404 0.712227 0.007533 0.016390
0 0.976510 0.715901 0.006985 0.016202
0 0.984112 0.637434 0.006574 0.014130
0 0.963156 0.638093 0.005205 0.012811
0 0.943638 0.638847 0.006437 0.017709
0 0.922202 0.636492 0.006027 0.016767
0 0.903643 0.633384 0.006985 0.014695
0 0.880770 0.625188 0.005890 0.015637
0 0.858923 0.625471 0.007396 0.017709
0 0.836872 0.624058 0.007122 0.015637
0 0.813450 0.628391 0.004383 0.014883
0 0.821394 0.556142 0.005479 0.014318
0 0.877962 0.555200 0.006301 0.016202
0 0.898644 0.551526 0.005479 0.014883
0 0.921381 0.558873 0.005479 0.016767
0 0.940077 0.562547 0.007259 0.018086
0 0.961375 0.555106 0.006848 0.017521
0 0.984386 0.555106 0.006027 0.018651
