0 0.156920 0.201621 0.110425 0.034872
0 0.294951 0.185167 0.098075 0.031434
0 0.441518 0.181115 0.100618 0.036100
0 0.578823 0.178536 0.104976 0.034381
0 0.711951 0.186272 0.093716 0.029224
0 0.859244 0.179150 0.173992 0.046906
0 0.302942 0.255894 0.103887 0.030452
0 0.446240 0.251842 0.096259 0.033644
0 0.574646 0.254175 0.096622 0.035855
0 0.702143 0.264489 0.104613 0.046169
0 0.178896 0.406066 0.102070 0.032662
0 0.306575 0.406925 0.098801 0.031925
0 0.438612 0.401154 0.102797 0.033153
0 0.588086 0.398698 0.098075 0.036100
0 0.737196 0.400909 0.120959 0.043959
0 0.873592 0.411223 0.108246 0.047397
