0 0.062178 0.254194 0.036513 0.179587
0 0.107686 0.267703 0.031221 0.138089
0 0.147771 0.273971 0.027252 0.119548
0 0.201416 0.274943 0.036645 0.127847
0 0.059399 0.410030 0.026459 0.104891
0 0.095978 0.412590 0.021828 0.104008
0 0.129845 0.419919 0.030295 0.108070
0 0.232967 0.150362 0.023284 0.092354
0 0.269149 0.151863 0.019447 0.072753
0 0.300635 0.139414 0.020241 0.097651
0 0.332584 0.143563 0.021696 0.085114
0 0.360564 0.135264 0.023416 0.095709
0 0.235679 0.265672 0.022622 0.098711
0 0.263659 0.258873 0.027252 0.103832
0 0.297195 0.268232 0.021035 0.112308
0 0.332584 0.266643 0.015611 0.067455
0 0.352428 0.254724 0.017992 0.072576
0 0.381201 0.253134 0.016272 0.063394
0 0.418177 0.260904 0.017198 0.081052
0 0.416656 0.153364 0.018653 0.079993
0 0.446157 0.148773 0.018653 0.078933
0 0.475724 0.144093 0.023284 0.081935
0 0.501455 0.141533 0.023416 0.074695
0 0.533735 0.139943 0.017860 0.071517
0 0.232967 0.380364 0.021696 0.068515
0 0.263328 0.372594 0.018653 0.067455
0 0.291771 0.372594 0.019447 0.059333
0 0.318958 0.378863 0.014817 0.046795
0 0.345416 0.372064 0.017992 0.085114
0 0.376902 0.354936 0.015611 0.065336
0 0.234092 0.479604 0.022622 0.078051
0 0.264056 0.476514 0.023284 0.084231
0 0.302223 0.470775 0.015478 0.076991
0 0.332187 0.471305 0.022490 0.073812
0 0.365657 0.455677 0.022490 0.077874
0 0.393637 0.470775 0.019447 0.076991
0 0.241500 0.597475 0.029501 0.114250
0 0.275764 0.602684 0.017066 0.076991
0 0.322794 0.587145 0.025665 0.089352
0 0.358248 0.587674 0.020108 0.067455
0 0.387022 0.593855 0.020241 0.063217
0 0.241500 0.692036 0.015478 0.054035
0 0.269546 0.685326 0.015478 0.073812
0 0.314261 0.682677 0.021035 0.062158
0 0.345019 0.683207 0.017198 0.069574
0 0.388610 0.680117 0.018653 0.065513
0 0.235282 0.790659 0.021828 0.076814
0 0.269149 0.794367 0.019447 0.073636
0 0.305331 0.788628 0.023284 0.085114
0 0.346210 0.778739 0.025665 0.069574
0 0.595185 0.140915 0.013229 0.069574
0 0.624884 0.138884 0.025003 0.083878
0 0.661529 0.135794 0.018918 0.068162
0 0.598823 0.238743 0.015214 0.044499
0 0.690038 0.131467 0.016140 0.073283
0 0.723310 0.135441 0.015214 0.057567
0 0.754200 0.129172 0.014288 0.071164
0 0.629051 0.237683 0.016669 0.056860
0 0.666226 0.246866 0.011642 0.058273
0 0.695661 0.235476 0.014684 0.049620
0 0.721392 0.227971 0.016140 0.069928
0 0.748049 0.232474 0.015743 0.064807
0 0.603784 0.326064 0.020108 0.067279
0 0.634145 0.326682 0.021035 0.072753
0 0.673303 0.333480 0.012303 0.067985
0 0.702738 0.335864 0.021167 0.060745
0 0.731380 0.335864 0.018653 0.052975
0 0.762006 0.334805 0.014288 0.044499
0 0.787472 0.333216 0.011245 0.050503
0 0.602527 0.424157 0.013626 0.047678
0 0.634872 0.424069 0.019579 0.042557
0 0.664043 0.427777 0.018124 0.045735
0 0.695132 0.418594 0.019712 0.064100
0 0.720400 0.425481 0.021035 0.100124
0 0.746593 0.427689 0.020505 0.092884
0 0.605503 0.513420 0.015611 0.043263
0 0.633153 0.512096 0.015081 0.050856
0 0.668210 0.502914 0.013758 0.044499
0 0.696851 0.512096 0.016272 0.040615
0 0.727014 0.512802 0.018653 0.048384
0 0.756383 0.514038 0.012832 0.040615
0 0.604511 0.604273 0.015743 0.061452
0 0.638775 0.600388 0.018653 0.050856
0 0.668673 0.601713 0.010716 0.039378
0 0.702738 0.604273 0.014288 0.048384
0 0.734621 0.600388 0.009260 0.033904
0 0.763725 0.606922 0.013758 0.043087
0 0.605503 0.704750 0.015611 0.052975
0 0.639767 0.698746 0.012700 0.043793
0 0.677206 0.697245 0.016140 0.045735
0 0.703003 0.695215 0.019579 0.052269
0 0.728205 0.691330 0.022093 0.061452
0 0.760815 0.694950 0.015611 0.059509
0 0.613573 0.799223 0.019050 0.073106
0 0.644464 0.783507 0.018124 0.078404
0 0.677272 0.790041 0.014155 0.073106
0 0.712991 0.775384 0.023945 0.049091
0 0.757904 0.783507 0.016669 0.056154
0 0.608149 0.900936 0.026988 0.114427
0 0.634343 0.898905 0.022490 0.107893
0 0.661595 0.901554 0.021961 0.102596
0 0.700026 0.889458 0.021564 0.079816
0 0.737002 0.887780 0.024077 0.085644
0 0.769612 0.887515 0.020505 0.065336
0 0.789985 0.112485 0.030824 0.122903
0 0.827160 0.108600 0.021035 0.111248
0 0.861953 0.108600 0.025003 0.111248
0 0.903625 0.110542 0.023945 0.103479
0 0.934449 0.107275 0.027914 0.088822
0 0.786017 0.248543 0.023945 0.095532
0 0.820347 0.240332 0.021961 0.079110
0 0.848723 0.245276 0.021035 0.072047
0 0.880407 0.240685 0.016669 0.088999
0 0.907527 0.243687 0.021167 0.079110
0 0.941593 0.252781 0.016537 0.075049
