0 0.137369 0.163825 0.129757 0.036570
0 0.280355 0.165802 0.127945 0.036076
0 0.421348 0.181863 0.141718 0.038053
0 0.576115 0.158760 0.142443 0.046701
0 0.715658 0.177539 0.114172 0.035829
0 0.853208 0.190388 0.135556 0.047690
0 0.141174 0.350012 0.138094 0.046701
0 0.277637 0.360143 0.129757 0.039288
0 0.422798 0.358043 0.132294 0.039041
0 0.542407 0.347541 0.084451 0.054608
0 0.724357 0.351248 0.130120 0.046207
0 0.871149 0.354584 0.130845 0.043983
0 0.162559 0.516803 0.130120 0.046207
0 0.297753 0.513590 0.114897 0.032370
0 0.430228 0.508031 0.117434 0.037064
0 0.204059 0.659624 0.144980 0.040771
0 0.432765 0.654435 0.126858 0.034841
0 0.614172 0.695701 0.112722 0.039783
