0 0.139489 0.195212 0.026278 0.027641
0 0.280958 0.181762 0.031317 0.021964
0 0.409107 0.191017 0.020518 0.013327
0 0.524838 0.190400 0.017999 0.011106
0 0.660907 0.196076 0.017279 0.017029
0 0.801476 0.198791 0.021958 0.018016
0 0.316235 0.375000 0.029158 0.019497
0 0.167747 0.394003 0.018719 0.017029
0 0.162167 0.222853 0.109071 0.030602
0 0.301116 0.213105 0.102592 0.029368
0 0.428546 0.219028 0.091073 0.020977
0 0.543557 0.214832 0.102952 0.027887
0 0.677106 0.221125 0.092873 0.024186
0 0.803636 0.208169 0.119150 0.028875
