0 0.072358 0.163269 0.124063 0.120785
0 0.073561 0.277481 0.131277 0.131263
0 0.075470 0.398743 0.136794 0.130311
0 0.082968 0.520956 0.135946 0.135454
0 0.079785 0.646885 0.126468 0.120594
0 0.082543 0.815774 0.143019 0.113164
0 0.087636 0.914174 0.146980 0.113355
0 0.208728 0.167937 0.140755 0.144980
0 0.213821 0.294532 0.136794 0.133359
0 0.214175 0.418365 0.145424 0.137550
0 0.215023 0.542199 0.140614 0.137550
0 0.218489 0.664984 0.122648 0.127072
0 0.223653 0.810440 0.140614 0.132216
0 0.347786 0.167460 0.129721 0.120785
0 0.350545 0.277577 0.127316 0.126881
0 0.352171 0.406649 0.128873 0.139646
0 0.354930 0.537340 0.137502 0.136597
0 0.355284 0.661745 0.128873 0.128977
0 0.360730 0.800914 0.144575 0.117356
0 0.359598 0.926843 0.150233 0.123833
0 0.493210 0.148409 0.150092 0.144027
0 0.495544 0.272814 0.148536 0.134502
0 0.501415 0.393408 0.139907 0.132216
0 0.499505 0.518765 0.129580 0.139836
0 0.511246 0.687750 0.137502 0.128024
0 0.510468 0.804534 0.132833 0.126881
0 0.510115 0.921033 0.150799 0.124786
0 0.655892 0.925319 0.146980 0.122690
0 0.652355 0.801962 0.150941 0.134311
0 0.650729 0.678224 0.155609 0.142884
0 0.638209 0.515146 0.136794 0.138693
0 0.638209 0.399790 0.136794 0.134311
0 0.639341 0.282339 0.143868 0.136407
0 0.635804 0.160602 0.139907 0.151267
0 0.779318 0.148981 0.134390 0.136407
0 0.917952 0.167460 0.144575 0.152410
0 0.783208 0.270147 0.139058 0.145933
0 0.914415 0.307773 0.140614 0.159840
0 0.786745 0.395504 0.135097 0.142884
0 0.919508 0.442084 0.141463 0.155649
0 0.781582 0.522576 0.131277 0.136407
0 0.916820 0.577539 0.126468 0.140789
0 0.785118 0.640027 0.127316 0.134311
0 0.803225 0.834254 0.138351 0.137550
