0 0.134532 0.156363 0.250315 0.215712
0 0.130684 0.292087 0.254932 0.216663
0 0.132223 0.445882 0.244018 0.228267
0 0.142297 0.674719 0.231706 0.208103
0 0.398839 0.172722 0.258150 0.229408
0 0.396880 0.306924 0.282216 0.229218
0 0.391073 0.450637 0.244018 0.229408
0 0.395271 0.674244 0.230866 0.196500
0 0.398489 0.822713 0.241780 0.208103
0 0.657269 0.151607 0.201343 0.184896
0 0.646775 0.276298 0.202183 0.172151
0 0.651812 0.419441 0.215335 0.190223
0 0.642927 0.649895 0.184973 0.166825
0 0.637470 0.765646 0.172660 0.146852
0 0.645586 0.882347 0.199804 0.181663
0 0.869176 0.832129 0.181895 0.159597
0 0.881559 0.148469 0.163285 0.151227
0 0.884287 0.252520 0.182734 0.179760
0 0.874143 0.481263 0.187351 0.165874
