0 0.159820 0.194200 0.016562 0.045663
0 0.185055 0.198343 0.011998 0.031030
0 0.213224 0.184944 0.009129 0.028209
0 0.059403 0.304566 0.015780 0.040374
0 0.081442 0.307123 0.011346 0.040903
0 0.118284 0.313646 0.010172 0.029972
0 0.132499 0.294958 0.028951 0.020451
0 0.176708 0.313822 0.013041 0.040903
0 0.215376 0.302891 0.013432 0.039140
0 0.059533 0.406999 0.015519 0.045310
0 0.086724 0.411495 0.013302 0.039140
0 0.118414 0.417489 0.011215 0.023272
0 0.147496 0.412994 0.013824 0.034379
0 0.184924 0.410525 0.013041 0.030501
0 0.213745 0.399154 0.012259 0.020099
0 0.057642 0.507228 0.010955 0.035261
0 0.083529 0.514721 0.014215 0.035790
0 0.117045 0.515867 0.010563 0.027504
0 0.163211 0.508551 0.015519 0.031911
0 0.053208 0.631171 0.011215 0.028561
0 0.084116 0.626410 0.017997 0.038082
0 0.123239 0.635755 0.008086 0.027151
0 0.146974 0.650300 0.013302 0.037200
0 0.178665 0.632846 0.011998 0.031911
0 0.213811 0.634080 0.018649 0.018159
0 0.080921 0.713593 0.011607 0.031559
0 0.108372 0.722496 0.010172 0.033850
0 0.133412 0.711213 0.012259 0.041961
0 0.161907 0.719587 0.016562 0.034732
0 0.191054 0.724348 0.013302 0.033674
0 0.214332 0.725758 0.015519 0.032969
0 0.052491 0.786583 0.012650 0.023801
0 0.084051 0.782969 0.010824 0.036671
0 0.116132 0.788434 0.010303 0.031382
0 0.147300 0.798043 0.012650 0.030501
0 0.178860 0.798219 0.009520 0.025212
0 0.428078 0.197549 0.008216 0.023801
0 0.456964 0.184238 0.006781 0.025740
0 0.494523 0.182387 0.007042 0.027680
0 0.520279 0.197814 0.013432 0.032793
0 0.555295 0.200370 0.010955 0.030501
0 0.577334 0.199665 0.009129 0.025212
0 0.626695 0.204690 0.009259 0.025740
0 0.426448 0.300776 0.009129 0.032793
0 0.450965 0.293106 0.010172 0.033674
0 0.484155 0.290286 0.007433 0.029090
0 0.509846 0.287112 0.008216 0.024859
0 0.533125 0.285437 0.010172 0.036671
0 0.556925 0.285966 0.008477 0.029972
0 0.574726 0.296456 0.008086 0.030148
0 0.425209 0.387694 0.007433 0.030324
0 0.450639 0.389193 0.010303 0.033322
0 0.473331 0.387958 0.008477 0.026269
0 0.499478 0.390074 0.009911 0.031559
0 0.522300 0.397479 0.007042 0.031911
0 0.550600 0.409115 0.007042 0.027680
0 0.576487 0.405060 0.006651 0.021333
0 0.430556 0.495328 0.007433 0.020980
0 0.452008 0.522567 0.007042 0.015162
0 0.507368 0.500176 0.007955 0.028914
0 0.425730 0.641132 0.009781 0.029090
0 0.455725 0.644834 0.006651 0.028032
0 0.483959 0.645628 0.007042 0.020804
0 0.514867 0.642102 0.010172 0.031030
0 0.551708 0.643776 0.005869 0.023449
0 0.581703 0.637870 0.010303 0.033145
0 0.429382 0.719059 0.007173 0.023449
0 0.458659 0.715532 0.010433 0.027327
0 0.490936 0.721791 0.008216 0.030677
0 0.532277 0.717207 0.008738 0.030324
0 0.569770 0.723378 0.008086 0.028914
0 0.472679 0.902504 0.010824 0.036319
