0 0.046512 0.114291 0.060149 0.070953
0 0.047790 0.217496 0.051260 0.057247
0 0.046512 0.274541 0.057713 0.066922
0 0.048155 0.415642 0.063436 0.068938
0 0.047790 0.572667 0.087057 0.083854
0 0.048094 0.722233 0.055765 0.054021
0 0.050408 0.875025 0.083283 0.085870
0 0.176306 0.929550 0.054548 0.067930
0 0.163095 0.759827 0.070498 0.069946
0 0.162182 0.611369 0.062097 0.065713
0 0.160295 0.461197 0.067332 0.075388
0 0.161512 0.303669 0.067332 0.078412
0 0.162486 0.136666 0.089736 0.115702
0 0.266590 0.128603 0.082674 0.112477
0 0.273347 0.307398 0.064045 0.079419
0 0.270790 0.463314 0.069159 0.077605
0 0.269816 0.613989 0.056983 0.070953
0 0.273712 0.765672 0.056983 0.064705
0 0.277548 0.923806 0.064654 0.077404
0 0.385791 0.778271 0.073664 0.100786
0 0.382686 0.594840 0.085231 0.100786
0 0.382625 0.422999 0.071229 0.083652
0 0.382321 0.269704 0.080847 0.080629
0 0.381347 0.115299 0.065993 0.075388
0 0.544076 0.192300 0.185194 0.201572
0 0.543833 0.408688 0.164008 0.178391
0 0.541520 0.583149 0.199318 0.202782
0 0.545720 0.799637 0.144892 0.151582
0 0.544137 0.931768 0.128820 0.133642
0 0.734811 0.904152 0.126872 0.127192
0 0.734811 0.780589 0.116644 0.126386
0 0.732193 0.598065 0.128211 0.145535
0 0.735054 0.472889 0.109582 0.119734
0 0.732863 0.298932 0.121758 0.139085
0 0.734141 0.108446 0.137221 0.163274
0 0.912273 0.109555 0.128211 0.150574
0 0.910386 0.280286 0.112748 0.116710
0 0.909108 0.413324 0.149884 0.158234
0 0.911299 0.619331 0.162060 0.183632
0 0.911908 0.836726 0.176184 0.179399
