0 0.098816 0.254968 0.045791 0.074366
0 0.052606 0.505213 0.094452 0.157387
0 0.149629 0.495377 0.073051 0.161716
0 0.058226 0.686701 0.112386 0.172536
0 0.145983 0.672536 0.061693 0.148534
0 0.057269 0.888944 0.098517 0.194570
0 0.142994 0.880189 0.059780 0.137714
0 0.249940 0.873598 0.106289 0.187881
0 0.347202 0.861007 0.084409 0.149715
0 0.256217 0.667027 0.096365 0.161912
0 0.253228 0.477769 0.093018 0.159551
0 0.255201 0.279067 0.108919 0.190242
0 0.257233 0.095416 0.106289 0.174700
0 0.348577 0.082333 0.067073 0.155223
0 0.343914 0.271985 0.061813 0.173716
0 0.348517 0.474129 0.053802 0.127877
0 0.348876 0.664273 0.076997 0.138698
0 0.451937 0.091580 0.081062 0.171749
0 0.548482 0.085088 0.080464 0.165060
0 0.454209 0.265886 0.089670 0.166240
0 0.551112 0.257230 0.081659 0.150895
0 0.440220 0.539150 0.060497 0.135550
0 0.504962 0.549479 0.055835 0.108204
0 0.569106 0.543478 0.041846 0.104859
0 0.439264 0.684537 0.050454 0.091875
0 0.502989 0.910191 0.030607 0.058037
0 0.707915 0.105253 0.024629 0.063348
0 0.691655 0.292150 0.014586 0.030691
0 0.735115 0.290576 0.011358 0.025182
0 0.705882 0.507476 0.017934 0.034822
0 0.644488 0.675782 0.010641 0.026362
0 0.683345 0.673028 0.011358 0.022821
0 0.723517 0.672438 0.009206 0.019673
0 0.758728 0.671454 0.006695 0.015345
0 0.702953 0.879107 0.013271 0.028526
0 0.888570 0.099252 0.008608 0.023018
0 0.935079 0.102597 0.010043 0.027346
0 0.909194 0.314578 0.009923 0.025182
0 0.916487 0.599744 0.011358 0.027346
0 0.886538 0.839662 0.017934 0.043675
0 0.936095 0.836514 0.019967 0.039347
