0 0.075758 0.160362 0.128242 0.146725
0 0.072182 0.311865 0.118667 0.141549
0 0.069333 0.459586 0.121939 0.147920
0 0.067152 0.609894 0.121212 0.131993
0 0.065212 0.745073 0.126303 0.131993
0 0.068424 0.889210 0.127636 0.143540
0 0.244121 0.077145 0.124364 0.149910
0 0.242909 0.222875 0.123152 0.135178
0 0.242545 0.361139 0.117333 0.139359
0 0.242242 0.494127 0.123030 0.122636
0 0.243212 0.621541 0.127636 0.142544
0 0.245394 0.761895 0.115515 0.142544
0 0.245455 0.902847 0.112970 0.132988
0 0.413212 0.879156 0.124364 0.150906
0 0.415758 0.721083 0.124364 0.134183
0 0.417333 0.460183 0.112242 0.131993
0 0.416061 0.306092 0.119879 0.136373
0 0.417636 0.073462 0.129576 0.144535
0 0.585758 0.083914 0.109697 0.123631
0 0.587091 0.220187 0.118667 0.136174
0 0.587091 0.467450 0.123758 0.138164
0 0.587697 0.639757 0.127636 0.151901
0 0.587697 0.822118 0.114788 0.137169
0 0.758364 0.914891 0.129576 0.155087
0 0.756788 0.698985 0.104606 0.129803
0 0.758000 0.550766 0.114788 0.135178
0 0.760606 0.409815 0.121212 0.133984
0 0.759939 0.263090 0.123758 0.148716
0 0.759939 0.115369 0.117455 0.133984
0 0.922909 0.106510 0.128242 0.145730
0 0.926424 0.258411 0.130182 0.134979
0 0.927758 0.391997 0.121212 0.125821
0 0.921030 0.542903 0.107758 0.117460
0 0.919758 0.681167 0.100121 0.117261
0 0.930242 0.908620 0.114788 0.136174
