0 0.093302 0.856144 0.052412 0.048751
0 0.133118 0.863936 0.017908 0.044356
0 0.174248 0.857243 0.045726 0.048951
0 0.216989 0.322178 0.036652 0.042158
0 0.194484 0.426074 0.041786 0.048551
0 0.243493 0.424575 0.030683 0.032767
0 0.197827 0.513786 0.039160 0.041359
0 0.240031 0.518781 0.030683 0.035764
0 0.196156 0.623277 0.045129 0.049351
0 0.241583 0.618382 0.038801 0.046354
0 0.075633 0.585514 0.032832 0.030569
0 0.089900 0.469530 0.006686 0.013187
0 0.052471 0.468931 0.008954 0.013586
0 0.071693 0.340859 0.002985 0.008392
0 0.391416 0.235165 0.024713 0.033566
0 0.434038 0.241558 0.027340 0.026374
0 0.411652 0.328172 0.024355 0.031369
0 0.396132 0.420979 0.028176 0.024376
0 0.432128 0.414186 0.022564 0.023576
0 0.395057 0.509890 0.027698 0.030769
0 0.428307 0.509091 0.024236 0.026374
0 0.412548 0.602997 0.036175 0.037163
0 0.411891 0.685315 0.043457 0.043556
0 0.413204 0.779221 0.023878 0.022777
0 0.413861 0.875524 0.020893 0.017183
0 0.411652 0.947253 0.011461 0.013586
0 0.561784 0.881618 0.054083 0.054945
0 0.616106 0.885614 0.044293 0.051349
0 0.622970 0.767433 0.039160 0.051948
0 0.589482 0.768432 0.013252 0.079920
0 0.555396 0.765235 0.048233 0.053546
0 0.591094 0.659640 0.042264 0.047752
0 0.591870 0.565135 0.036652 0.036963
0 0.593123 0.475624 0.041786 0.042158
0 0.568171 0.385315 0.037966 0.042957
0 0.615509 0.387113 0.041428 0.036563
0 0.589243 0.289710 0.036652 0.039960
0 0.590318 0.202298 0.031160 0.032168
0 0.558978 0.107393 0.013610 0.017782
0 0.590974 0.118482 0.022923 0.019980
0 0.624702 0.107393 0.017073 0.020579
0 0.712512 0.119580 0.051098 0.057742
0 0.771132 0.118781 0.053247 0.052148
0 0.743374 0.212587 0.078916 0.069930
0 0.745762 0.324376 0.060530 0.082118
0 0.712094 0.429970 0.042622 0.049151
0 0.766177 0.431668 0.048591 0.055744
0 0.715019 0.489111 0.031519 0.043556
0 0.760208 0.488112 0.034981 0.039960
0 0.715079 0.578422 0.038324 0.056344
0 0.764506 0.578721 0.042622 0.048551
0 0.706543 0.678921 0.039160 0.043556
0 0.740867 0.675325 0.026862 0.053546
0 0.774355 0.672927 0.035817 0.049950
0 0.743434 0.769231 0.030325 0.035564
0 0.739553 0.842757 0.030205 0.047153
0 0.743851 0.927672 0.025191 0.045554
0 0.895177 0.103097 0.006447 0.013586
0 0.878104 0.198002 0.008118 0.019181
0 0.914398 0.202597 0.011461 0.019980
0 0.914995 0.221578 0.016237 0.020779
0 0.900310 0.302897 0.015759 0.026374
0 0.897803 0.390310 0.015759 0.024176
0 0.875597 0.473127 0.006447 0.015584
0 0.911414 0.481319 0.009790 0.026374
0 0.898400 0.570230 0.014565 0.019980
0 0.861330 0.656444 0.030683 0.051349
0 0.896669 0.661538 0.032354 0.032767
0 0.931829 0.657243 0.026027 0.035764
0 0.896311 0.752747 0.040950 0.031369
0 0.846824 0.828871 0.025549 0.024975
0 0.872075 0.854146 0.021371 0.029171
0 0.897266 0.847852 0.019699 0.035764
0 0.923770 0.846853 0.018983 0.025375
0 0.947170 0.832967 0.016834 0.027572
0 0.868075 0.929870 0.012894 0.069930
0 0.898758 0.920779 0.017192 0.082517
0 0.933083 0.926573 0.009670 0.051748
