0 0.214719 0.118284 0.015826 0.039362
0 0.189910 0.271305 0.017849 0.048219
0 0.236257 0.263137 0.019158 0.053533
0 0.158912 0.419996 0.023203 0.046054
0 0.186280 0.419504 0.025107 0.051368
0 0.214422 0.416749 0.021894 0.050187
0 0.238517 0.416749 0.015826 0.048219
0 0.266004 0.417241 0.012494 0.042511
0 0.213113 0.563275 0.012613 0.035032
0 0.214065 0.698878 0.018563 0.039362
0 0.166171 0.845896 0.015112 0.038181
0 0.250773 0.950305 0.015112 0.045857
0 0.026654 0.267467 0.046882 0.108246
0 0.072644 0.260382 0.037006 0.089746
0 0.110602 0.265794 0.040338 0.091911
0 0.026297 0.370793 0.047596 0.087384
0 0.065980 0.357115 0.019871 0.060028
0 0.106318 0.357705 0.027725 0.085219
0 0.024036 0.468609 0.029748 0.077544
0 0.066694 0.469199 0.029153 0.078725
0 0.109293 0.466444 0.033674 0.077544
0 0.022013 0.568687 0.032366 0.067900
0 0.066694 0.577445 0.030343 0.076363
0 0.107984 0.570360 0.031057 0.068884
0 0.023322 0.670439 0.029748 0.072230
0 0.065683 0.667684 0.037601 0.075379
0 0.106675 0.680772 0.028439 0.086204
0 0.024036 0.781342 0.045693 0.084235
0 0.063065 0.784688 0.036411 0.084235
0 0.108698 0.772683 0.040338 0.068884
0 0.358817 0.130781 0.022489 0.060028
0 0.304319 0.327691 0.021775 0.068884
0 0.340374 0.336351 0.027725 0.090927
0 0.375416 0.335269 0.029034 0.086400
0 0.409091 0.335761 0.023798 0.078725
0 0.304974 0.430427 0.021894 0.079906
0 0.341980 0.429246 0.023084 0.073214
0 0.379046 0.433674 0.031057 0.073411
0 0.408436 0.424326 0.026535 0.067703
0 0.305688 0.522830 0.027130 0.061208
0 0.344657 0.533163 0.033674 0.077544
0 0.381961 0.530407 0.035697 0.074395
0 0.409805 0.525586 0.023798 0.071049
0 0.307294 0.616808 0.042242 0.074395
0 0.357508 0.763334 0.025107 0.054517
0 0.359115 0.917536 0.018087 0.039362
0 0.504462 0.893623 0.027725 0.077741
0 0.502201 0.730958 0.018682 0.046841
0 0.506961 0.185101 0.006782 0.021452
0 0.505890 0.373647 0.003689 0.010431
0 0.445324 0.530899 0.004641 0.008857
0 0.473644 0.528833 0.004641 0.008266
0 0.500238 0.529915 0.004046 0.008069
0 0.529093 0.526274 0.003689 0.007085
0 0.557235 0.531096 0.003332 0.007676
0 0.653201 0.077839 0.013684 0.028144
0 0.653498 0.274159 0.015231 0.049597
0 0.650048 0.468117 0.016421 0.032868
0 0.654391 0.656957 0.011304 0.029915
0 0.603344 0.879650 0.006782 0.015942
0 0.652070 0.879158 0.006901 0.014958
0 0.694015 0.880929 0.005593 0.022437
0 0.797418 0.692088 0.017492 0.047825
0 0.743337 0.858886 0.014755 0.034639
0 0.775583 0.862232 0.013565 0.033852
0 0.808425 0.857508 0.013565 0.029915
0 0.843824 0.867841 0.014160 0.031687
0 0.794562 0.486420 0.019871 0.056091
0 0.799441 0.333202 0.021537 0.068490
0 0.796287 0.122712 0.015231 0.050581
0 0.945562 0.077347 0.010114 0.021649
0 0.943301 0.271403 0.009162 0.019681
0 0.916349 0.469494 0.031176 0.067506
0 0.960317 0.471856 0.039624 0.072230
0 0.936518 0.668176 0.013684 0.041330
0 0.893206 0.866365 0.023203 0.059043
0 0.935923 0.872072 0.022727 0.061012
0 0.975071 0.871187 0.020347 0.079709
