0 0.091535 0.197467 0.146118 0.205617
0 0.094433 0.410939 0.139114 0.202474
0 0.089361 0.607816 0.151914 0.205813
0 0.091535 0.878142 0.148774 0.206795
0 0.296522 0.144246 0.164594 0.175766
0 0.292718 0.415554 0.176066 0.199529
0 0.284446 0.668303 0.195025 0.252160
0 0.286077 0.880695 0.183070 0.238610
0 0.500906 0.129222 0.188142 0.247054
0 0.494868 0.348881 0.200217 0.248036
0 0.504045 0.635703 0.198285 0.255302
0 0.503381 0.861057 0.199614 0.277887
0 0.707101 0.132364 0.148171 0.193244
0 0.708369 0.319521 0.160850 0.201493
0 0.710301 0.504026 0.156986 0.167518
0 0.702633 0.677141 0.163386 0.170463
0 0.708369 0.868323 0.146842 0.170660
0 0.909552 0.112137 0.163990 0.196386
0 0.908888 0.296249 0.143582 0.177730
0 0.899710 0.574823 0.198889 0.255302
0 0.896148 0.823841 0.184277 0.269835
