0 0.058994 0.153383 0.115575 0.133307
0 0.056400 0.309175 0.105320 0.117246
0 0.058572 0.462859 0.100977 0.116242
0 0.055435 0.581309 0.092050 0.114234
0 0.063035 0.726059 0.092050 0.107810
0 0.062131 0.832263 0.100374 0.119454
0 0.172638 0.114234 0.091446 0.118450
0 0.167813 0.223048 0.090723 0.118450
0 0.171010 0.417486 0.097117 0.116242
0 0.175172 0.528508 0.101580 0.116242
0 0.177042 0.646256 0.107974 0.119253
0 0.175112 0.793214 0.095186 0.117246
0 0.173181 0.939972 0.088913 0.100381
0 0.290626 0.931038 0.106647 0.118249
0 0.287489 0.826942 0.100374 0.119253
0 0.289721 0.679582 0.093256 0.114033
0 0.286826 0.585023 0.099047 0.117246
0 0.285921 0.443987 0.102304 0.124674
0 0.285619 0.301847 0.100253 0.113030
0 0.284956 0.200462 0.091446 0.104597
0 0.284654 0.057217 0.095910 0.110018
0 0.399928 0.098976 0.106647 0.134110
0 0.406925 0.232082 0.096513 0.102389
0 0.403728 0.363582 0.104114 0.128890
0 0.406201 0.489962 0.101580 0.121462
0 0.411328 0.603995 0.102907 0.125878
0 0.406261 0.807870 0.086259 0.100381
0 0.403668 0.904136 0.086380 0.096165
0 0.522439 0.956535 0.069852 0.086930
0 0.522138 0.889279 0.061527 0.070869
0 0.520509 0.824332 0.060924 0.080305
0 0.520509 0.716021 0.074919 0.079301
0 0.518639 0.649468 0.064664 0.075085
0 0.518338 0.532122 0.099771 0.104597
0 0.519303 0.431841 0.102907 0.115238
0 0.519906 0.325035 0.097841 0.110821
0 0.519906 0.193535 0.093980 0.105601
0 0.518338 0.104698 0.083122 0.099378
0 0.622451 0.085726 0.076849 0.095162
0 0.623055 0.210400 0.078055 0.080305
0 0.623115 0.335073 0.093377 0.110018
0 0.623055 0.470287 0.092050 0.107810
0 0.624985 0.568661 0.098323 0.107810
0 0.622753 0.708593 0.096513 0.096165
0 0.620883 0.788396 0.097841 0.116041
0 0.623115 0.944891 0.094583 0.110219
0 0.724032 0.918892 0.075642 0.095965
0 0.723368 0.831761 0.065388 0.088737
0 0.723127 0.722847 0.072385 0.078097
0 0.723127 0.646758 0.072385 0.082514
0 0.723067 0.522184 0.064785 0.080305
0 0.724092 0.412267 0.070455 0.078097
0 0.723127 0.331961 0.076246 0.084521
0 0.724333 0.256374 0.072385 0.085525
0 0.723429 0.175567 0.071782 0.086529
0 0.726264 0.051395 0.090240 0.102389
0 0.829774 0.074182 0.081313 0.090946
0 0.826215 0.192431 0.066715 0.078097
0 0.824707 0.301747 0.081313 0.100381
0 0.830438 0.397912 0.090119 0.100381
0 0.828085 0.527906 0.088310 0.106605
0 0.830317 0.617747 0.083846 0.093957
0 0.828447 0.773038 0.077452 0.087733
0 0.829412 0.854447 0.069248 0.083517
0 0.829171 0.931540 0.072385 0.083517
0 0.946254 0.836981 0.062854 0.073881
0 0.944987 0.906143 0.060321 0.064445
0 0.947581 0.688516 0.071782 0.079301
0 0.949451 0.619354 0.056460 0.078298
0 0.947762 0.507930 0.071179 0.093957
0 0.948184 0.392692 0.079262 0.091949
0 0.945952 0.284883 0.068525 0.081510
0 0.945651 0.205682 0.075642 0.089741
0 0.946254 0.077796 0.076849 0.085726
