0 0.077533 0.204306 0.131824 0.185950
0 0.065065 0.420520 0.124803 0.144076
0 0.075596 0.727128 0.101319 0.157571
0 0.246701 0.119170 0.038252 0.072038
0 0.192168 0.361580 0.028689 0.101211
0 0.222128 0.357313 0.024936 0.088708
0 0.253057 0.357412 0.021668 0.082556
0 0.281988 0.351558 0.024815 0.091883
0 0.313521 0.350566 0.019126 0.085533
0 0.187084 0.458127 0.023605 0.085533
0 0.216741 0.462790 0.026752 0.090891
0 0.249849 0.460310 0.020337 0.098234
0 0.282956 0.458623 0.025542 0.092876
0 0.312008 0.457630 0.014647 0.086525
0 0.186781 0.559436 0.023000 0.096051
0 0.218618 0.559436 0.019126 0.094066
0 0.250151 0.556261 0.015858 0.087716
0 0.285195 0.552193 0.018400 0.083548
0 0.313219 0.553284 0.018521 0.087716
0 0.188960 0.658166 0.017189 0.084739
0 0.220554 0.656579 0.023000 0.083548
0 0.250151 0.654495 0.019731 0.079381
0 0.281988 0.652411 0.018521 0.083548
0 0.313279 0.656083 0.017189 0.088907
0 0.187387 0.746378 0.019126 0.087716
0 0.220494 0.742806 0.016584 0.082556
0 0.253359 0.744394 0.018400 0.085731
0 0.283924 0.745386 0.020942 0.096051
0 0.191865 0.863465 0.052294 0.079381
0 0.231691 0.875372 0.018400 0.092876
0 0.254570 0.867037 0.017189 0.065886
0 0.278840 0.872792 0.022394 0.089700
0 0.306864 0.869716 0.019852 0.081564
0 0.174676 0.953265 0.023000 0.081564
0 0.202699 0.954257 0.020458 0.089899
0 0.231994 0.953265 0.020458 0.073229
0 0.258443 0.949593 0.023484 0.099226
0 0.282109 0.952173 0.015858 0.071046
0 0.306561 0.950189 0.021668 0.087716
0 0.412662 0.130681 0.017189 0.065688
0 0.391599 0.271681 0.021063 0.082556
0 0.435540 0.269101 0.015979 0.077396
0 0.428520 0.589700 0.064399 0.089899
0 0.583949 0.572534 0.012105 0.026196
0 0.588185 0.698849 0.008958 0.030363
0 0.588791 0.948502 0.010168 0.024013
0 0.758867 0.887974 0.043336 0.078389
0 0.770367 0.692102 0.037042 0.060528
0 0.761470 0.514090 0.011500 0.040683
0 0.756991 0.290435 0.007626 0.015678
0 0.757899 0.110835 0.007021 0.025997
0 0.918775 0.123834 0.029294 0.079381
0 0.925493 0.417940 0.018521 0.046835
0 0.893657 0.549018 0.014647 0.050208
0 0.929004 0.545346 0.019005 0.051201
0 0.965622 0.544850 0.015979 0.048224
0 0.939535 0.669677 0.033773 0.063703
0 0.871384 0.820599 0.024815 0.056360
0 0.911451 0.822187 0.024815 0.059536
0 0.945588 0.820103 0.017794 0.053384
0 0.986321 0.816928 0.023000 0.053384
0 0.932514 0.942250 0.022394 0.069855
