0 0.114451 0.127665 0.082777 0.074431
0 0.197227 0.129351 0.075491 0.075635
0 0.413277 0.184090 0.121433 0.143442
0 0.549484 0.183548 0.114147 0.144526
0 0.781320 0.133747 0.084801 0.088763
0 0.868751 0.129351 0.075491 0.071059
0 0.788707 0.219680 0.106861 0.072263
0 0.876037 0.217512 0.079134 0.076599
0 0.484214 0.353788 0.355191 0.119354
0 0.773123 0.350536 0.097551 0.112851
0 0.860352 0.351620 0.080955 0.077683
0 0.103319 0.361978 0.049585 0.039383
0 0.176988 0.361978 0.045942 0.041551
0 0.108885 0.454535 0.049787 0.040467
0 0.195406 0.455618 0.038656 0.036132
0 0.494232 0.447971 0.198745 0.069011
0 0.744586 0.467120 0.128719 0.059135
0 0.853167 0.466036 0.062538 0.045887
0 0.865918 0.564013 0.088444 0.068891
0 0.742663 0.557449 0.047966 0.044924
0 0.655333 0.560159 0.093908 0.050343
0 0.505363 0.564615 0.080955 0.070095
0 0.308440 0.560761 0.073669 0.060219
0 0.164946 0.553595 0.040478 0.039383
0 0.119004 0.553655 0.044121 0.043840
0 0.066485 0.555281 0.049585 0.042756
0 0.184274 0.678429 0.086420 0.087679
0 0.486946 0.680055 0.316535 0.101770
0 0.742663 0.680658 0.180328 0.087559
0 0.875126 0.680658 0.080955 0.089727
0 0.754604 0.807118 0.237401 0.073347
0 0.763813 0.924244 0.049787 0.040467
0 0.487857 0.820246 0.112325 0.101770
0 0.575288 0.902866 0.095730 0.089727
0 0.423396 0.902866 0.104837 0.102975
0 0.187108 0.809286 0.095730 0.088763
0 0.145719 0.933458 0.093908 0.069975
0 0.244991 0.934120 0.086420 0.064555
0 0.163226 0.244851 0.115968 0.074431
